Имя|Страна|Точность(л|с)|Скорость(с|р|п)|Выносливость|Сопротивляемость ветру|Скорость стрельбы(л|с)|Скорость подготовки(л|с)

       Kaisa|    Makarainen|FIN|0.88|0.81|15.2|36.2|26.8|92|80|34|32|19|21|L3
       Marie|  Dorin Habert|FRA|0.91|0.83|15.2|36.0|26.6|88|86|33|32|19|20|L4
       Tiril|        Ekhoff|NOR|0.83|0.78|15.0|36.1|26.6|89|75|33|29|20|20|L4
       Laura|     Dahlmeier|GER|0.91|0.90|15.4|36.3|26.5|85|90|33|34|20|19|L4
      Miriam|       Gossner|GER|0.83|0.63|15.0|35.2|25.8|90|70|40|32|21|20|L4
    Dorothea|        Wierer|ITA|0.90|0.84|14.7|34.9|25.6|85|86|27|25|20|20|L3
     Justine|       Braisaz|FRA|0.83|0.81|15.2|36.0|26.7|90|79|40|30|20|20|L4
     Tatiana|       Akimova|RUS|0.96|0.75|14.6|34.4|25.4|80|88|36|33|20|20|L4
       Olena|    Pidhrushna|UKR|0.88|0.89|14.7|34.5|25.6|95|85|34|28|20|20|L3
     Paulina|      Fialkova|SVK|0.88|0.82|14.6|34.4|25.3|80|87|31|30|21|21|L3
       Anais|     Chevalier|FRA|0.91|0.85|14.6|34.7|25.6|86|88|34|27|19|20|L4
   Franziska|        Preuss|GER|0.95|0.85|15.0|34.6|25.9|87|89|30|28|20|20|L4
Lisa Theresa|        Hauser|AUT|0.89|0.89|14.3|34.2|25.2|80|95|27|23|21|20|L3
        Lisa|      Vittozzi|ITA|0.88|0.88|14.5|34.2|25.2|78|95|31|27|21|22|L4
        Lena|        Heacki|SUI|0.83|0.77|14.5|34.2|25.2|80|84|30|25|20|21|L3
       Daria|    Virolaynen|RUS|0.95|0.72|14.7|34.9|25.8|84|80|28|29|22|20|L4
    Gabriela|     Koukalova|CZE|0.92|0.87|15.1|36.0|26.6|92|87|35|31|20|20|L4
       Anais|       Bescond|FRA|0.91|0.85|14.6|34.7|25.6|89|84|35|30|20|20|L4
      Selina|      Gasparin|SUI|0.85|0.78|14.9|35.2|26.0|91|80|37|35|22|20|L3
   Franziska|    Hildebrand|GER|0.90|0.87|14.9|35.1|25.9|85|87|33|34|21|21|L4
       Susan|       Dunklee|USA|0.85|0.79|14.8|35.0|25.8|84|88|32|30|20|21|L2
        Anna|     Magnusson|SWE|0.84|0.94|14.7|34.3|25.3|79|90|34|32|21|20|L2
      Galina|  Vishnevskaya|KAZ|0.89|0.91|14.6|34.3|25.2|82|88|35|31|21|21|L2
      Fuyuko|     Tachizaki|JAP|0.81|0.90|14.2|34.0|25.0|85|81|32|33|21|21|L1
    Veronika|       Vitkova|CZE|0.83|0.84|14.9|35.0|25.9|88|80|33|28|21|21|L4
       Marte|         Olsbu|NOR|0.83|0.89|14.6|34.7|25.6|90|85|35|25|20|20|L4
      Alexia|   Runggaldier|ITA|0.92|0.91|14.2|34.0|25.1|80|95|32|30|22|22|L3
       Yulia|        Dzhima|UKR|0.90|0.80|14.9|35.1|25.9|87|86|32|29|19|20|L3
     Vanessa|          Hinz|GER|0.92|0.83|14.5|34.2|25.2|85|85|31|33|21|21|L4
       Darya|    Domracheva|BLR|0.88|0.81|15.0|35.4|26.1|92|81|34|32|20|21|L4
         Eva|  Puskarcikova|CZE|0.83|0.89|14.8|34.4|25.3|83|92|28|27|21|21|L4
   Magdalena|       Gwizdon|POL|0.94|0.83|14.5|34.2|25.2|85|86|35|31|20|21|L3
        Teja|      Gregorin|SLO|0.90|0.71|14.8|34.9|25.8|84|81|33|31|21|22|L2
       Celia|      Aymonier|FRA|0.83|0.70|15.1|35.9|26.4|90|80|40|36|21|21|L4
       Maren| Hammerschmidt|GER|0.85|0.76|14.9|35.0|25.9|86|83|32|27|20|21|L4
    Federica|    Sanfilippo|ITA|0.85|0.74|14.7|34.7|25.9|82|82|36|36|21|20|L3
       Hilde|         Fenne|NOR|0.79|0.75|14.5|34.5|25.9|85|80|29|29|20|20|L4
   Ekaterina|     Shumilova|RUS|0.98|0.82|14.6|34.3|25.7|76|84|37|29|23|22|L4
       Fanny|Horn Birkeland|NOR|0.87|0.79|14.7|34.4|25.5|81|83|28|28|21|20|L4
       Darya|       Usanova|KAZ|0.87|0.69|14.5|34.3|25.4|82|84|38|33|21|19|L2
    Nadezhda|      Skardino|BLR|0.96|0.93|14.4|34.4|25.3|79|96|35|34|20|20|L4
      Monika|       Hojnisz|POL|0.90|0.82|14.4|34.2|25.2|81|88|33|30|21|20|L3
       Clare|          Egan|USA|0.88|0.74|14.3|34.2|25.2|77|80|37|41|22|22|L2
   Anastasia|     Zagoruiko|RUS|0.85|0.84|14.2|34.2|25.1|77|84|32|29|22|20|L4
        Yana|        Bondar|UKR|0.75|0.77|14.2|34.2|25.0|80|80|38|33|21|21|L3
       Ivona|      Fialkova|SVK|0.74|0.76|14.2|34.1|25.0|81|87|36|33|20|21|L3
        Mari|      Laukanen|FIN|0.83|0.73|15.0|35.6|26.2|94|78|39|31|21|22|L3
        Anna|       Frolina|KOR|0.87|0.85|14.3|34.3|25.2|80|82|34|30|20|21|L1
   Anastasia|       Kuzmina|SVK|0.82|0.89|14.7|35.0|26.0|86|87|30|30|21|21|L3
       Julia|        Ransom|CAN|0.96|0.83|14.1|34.2|25.0|77|82|33|31|22|21|L2