Kontiolahti;2.5
0.00 0.124
0.50 0.124
0.70 0.100
0.90 0.100
1.06 0.117
1.15 0.101
1.24 0.101
1.36 0.090
1.50 0.100
1.65 0.102
1.77 0.125
2.40 0.125
2.50 0.124

Kontiolahti;2.0
0.00 0.124
0.50 0.124
0.70 0.100
0.90 0.100
1.06 0.117
1.12 0.102
1.20 0.101
1.32 0.125
1.96 0.125
2.00 0.124

Kontiolahti;3.0
0.00 0.124
0.50 0.124
0.70 0.100
0.80 0.107
0.95 0.097
1.15 0.117
1.25 0.102
1.35 0.102
1.45 0.090
1.55 0.095
1.59 0.103
1.64 0.105
1.75 0.125
1.93 0.124
2.05 0.101
2.27 0.125
2.96 0.125
3.00 0.124


Ruhpolding;2.5
0.00 0.712
0.14 0.710
0.20 0.718
0.30 0.705
0.39 0.710
0.50 0.705
0.60 0.710
0.73 0.705
0.86 0.715
0.90 0.710
1.00 0.715
1.32 0.715
1.45 0.732
1.52 0.715
1.76 0.718
1.85 0.732
1.90 0.717
2.02 0.716
2.10 0.732
2.12 0.732
2.30 0.715
2.50 0.712

Ruhpolding;2.0
0.00 0.712
0.14 0.710
0.20 0.718
0.30 0.705
0.34 0.708
0.42 0.708
0.46 0.705
0.54 0.706
0.60 0.715
0.64 0.710
0.72 0.715
0.78 0.710
0.84 0.712
0.90 0.718
0.96 0.715
1.10 0.715
1.20 0.732
1.28 0.716
1.50 0.717
1.62 0.732
1.70 0.732
1.80 0.716
2.00 0.712

Ruhpolding;3.0
0.00 0.712
0.14 0.710
0.20 0.718
0.30 0.705
0.39 0.710
0.50 0.705
0.58 0.715
0.64 0.705
0.76 0.708
0.88 0.705
0.94 0.715
1.00 0.705
1.14 0.710
1.20 0.709
1.26 0.707
1.38 0.715
1.42 0.710
1.50 0.715
1.54 0.710
1.62 0.712
1.66 0.718
1.72 0.715
1.86 0.716
1.98 0.732
2.04 0.717
2.24 0.720
2.30 0.728
2.34 0.732
2.44 0.719
2.54 0.717
2.66 0.732
2.74 0.732
2.82 0.716
3.00 0.712


Hochfilzen;2.5
0.00 1.010
0.10 1.015
0.20 1.007
0.30 1.007
0.40 0.997
0.50 1.000
0.60 0.997
0.80 1.003
0.90 1.012
1.00 1.000
1.20 1.013
1.26 1.005
1.40 1.000
1.60 1.028
1.70 1.026
1.80 1.020
1.90 1.020
1.95 1.024
2.20 1.002
2.40 1.010
2.50 1.010

Hochfilzen;2.0
0.00 1.010
0.10 1.015
0.20 1.010
0.25 1.014
0.35 1.007
0.45 1.007
0.50 0.997
0.65 1.000
0.70 0.997
0.90 1.002
1.00 1.012
1.10 1.000
1.30 1.012
1.50 1.002
1.60 1.017
1.80 1.003
2.00 1.010

Hochfilzen;3.0
0.00 1.010
0.10 1.015
0.20 1.007
0.30 1.007
0.40 0.997
0.55 1.010
0.65 0.997
0.90 1.003
1.00 1.012
1.15 1.000
1.30 1.013
1.45 1.000
1.50 1.010
1.65 1.005
1.85 1.026
1.95 1.026
2.00 1.020
2.10 1.030
2.20 1.035
2.35 1.025
2.40 1.030
2.45 1.022
2.54 1.017
2.60 1.024
2.82 1.003
3.00 1.010

Antholz;2.5
0.00 1.640
0.06 1.638
0.30 1.645
0.36 1.645
0.46 1.650
0.55 1.645
0.66 1.645
0.78 1.654
0.90 1.650
0.95 1.645
1.06 1.650
1.18 1.645
1.30 1.645
1.40 1.653
1.52 1.656
1.60 1.649
1.66 1.652
1.75 1.648
1.80 1.643
1.95 1.645
2.12 1.632
2.25 1.640
2.30 1.640
2.35 1.630
2.42 1.637
2.50 1.640

Antholz;2.0
0.00 1.640
0.06 1.638
0.20 1.638
0.68 1.650
0.80 1.642
1.14 1.655
1.26 1.650
1.40 1.641
1.60 1.650
1.80 1.641
1.90 1.646
2.00 1.640

Antholz;3.0
0.00 1.640
0.06 1.638
0.30 1.645
0.36 1.645
0.46 1.650
0.55 1.645
0.68 1.647
0.85 1.647
0.95 1.657
1.07 1.650
1.28 1.655
1.35 1.645
1.52 1.652
1.59 1.646
1.72 1.646
1.80 1.654
1.90 1.655
2.00 1.648
2.05 1.650
2.14 1.643
2.25 1.643
2.50 1.632
2.60 1.640
2.67 1.640
2.73 1.630
2.83 1.637
3.00 1.640

Canmore;2.5
0.00 1.406
0.12 1.407
0.22 1.400
0.27 1.407
0.32 1.407
0.37 1.410
0.39 1.408
0.53 1.418
0.60 1.418
0.64 1.420
0.74 1.417
0.84 1.405
0.90 1.408
1.01 1.390
1.06 1.393
1.11 1.389
1.20 1.398
1.29 1.399
1.33 1.394
1.42 1.408
1.51 1.407
1.60 1.410
1.63 1.405
1.70 1.409
1.75 1.404
1.91 1.419
2.00 1.406
2.12 1.407
2.18 1.415
2.29 1.405
2.34 1.408
2.46 1.408
2.50 1.406

Canmore;2.0
0.00 1.406
0.12 1.407
0.22 1.400
0.27 1.407
0.32 1.407
0.37 1.410
0.39 1.408
0.48 1.415
0.50 1.410
0.62 1.410
0.71 1.400
0.73 1.400
0.78 1.395
0.95 1.407
1.03 1.410
1.11 1.405
1.15 1.408
1.20 1.404
1.37 1.418
1.48 1.405
1.55 1.407
1.64 1.415
1.75 1.405
1.88 1.407
1.93 1.403
2.00 1.406

Canmore;3.0
0.00 1.406
0.12 1.407
0.22 1.400
0.27 1.407
0.32 1.407
0.37 1.410
0.39 1.408
0.53 1.418
0.60 1.418
0.64 1.420
0.86 1.410
0.93 1.394
1.14 1.399
1.20 1.397
1.26 1.407
1.40 1.393
1.57 1.407
1.62 1.399
1.67 1.399
1.79 1.394
1.90 1.407
1.98 1.410
2.04 1.405
2.10 1.409
2.19 1.404
2.36 1.419
2.46 1.406
2.50 1.407
2.59 1.415
2.70 1.405
2.76 1.408
2.83 1.408
2.92 1.404
3.00 1.406


Pokljuka;2.5
0.00 1.333
0.15 1.340
0.30 1.341
0.39 1.347
0.66 1.349
0.73 1.351
0.84 1.346
0.90 1.353
1.07 1.355
1.18 1.358
1.28 1.372
1.34 1.372
1.54 1.342
1.60 1.342
1.64 1.346
1.68 1.340
1.78 1.358
1.82 1.358
1.85 1.350
1.94 1.350
1.98 1.355
2.08 1.340
2.18 1.352
2.24 1.338
2.40 1.336
2.45 1.333
2.50 1.333

Pokljuka;2.0
0.00 1.333
0.15 1.340
0.30 1.341
0.39 1.352
0.43 1.352
0.45 1.350
0.65 1.360
0.80 1.382
1.02 1.342
1.10 1.342
1.14 1.346
1.18 1.340
1.28 1.358
1.32 1.358
1.35 1.350
1.44 1.350
1.48 1.355
1.58 1.340
1.68 1.352
1.74 1.338
1.90 1.336
1.95 1.333
2.00 1.333

Pokljuka;3.0
0.00 1.333
0.15 1.340
0.37 1.340
0.53 1.342
0.55 1.346
0.58 1.343
0.75 1.343
0.92 1.337
1.02 1.337
1.05 1.340
1.18 1.338
1.23 1.351
1.34 1.346
1.40 1.353
1.57 1.355
1.68 1.358
1.78 1.372
1.84 1.372
2.04 1.342
2.10 1.342
2.14 1.346
2.18 1.340
2.28 1.358
2.32 1.358
2.35 1.350
2.44 1.350
2.48 1.355
2.58 1.340
2.68 1.352
2.74 1.338
2.90 1.336
2.95 1.333
3.00 1.333


Nove Mesto;2.5
0.00 0.624
0.12 0.624
0.25 0.616
0.50 0.631
0.62 0.648
0.73 0.636
1.00 0.658
1.12 0.649
1.20 0.659
1.47 0.631
1.87 0.614
2.12 0.630
2.37 0.624
2.50 0.624

Nove Mesto;2.0
0.00 0.624
0.12 0.624
0.28 0.616
0.52 0.632
0.80 0.616
1.06 0.631
1.37 0.613
1.62 0.630
1.87 0.624
2.00 0.624

Nove Mesto;3.0
0.00 0.624
0.12 0.624
0.25 0.616
0.50 0.631
0.62 0.648
0.73 0.636
1.00 0.658
1.12 0.649
1.20 0.659
1.25 0.652
1.30 0.660
1.82 0.616
2.00 0.631
2.30 0.614
2.62 0.630
2.75 0.624
3.00 0.624