								   df   fn   sp   lp   dr   pa   st   hd   gk   sp
Bayern
S. Ulreich 			 |-2.0 -1.0 13.6 13.4 -1.0  8.1  8.2 16.0 15.5 -1.0 GK
M. Neuer				 |-1.5 -1.0 19.5 20.0 -3.5 11.9 16.6 17.4 17.8 -1.0 GK
T. Starke        |-1.5 -1.0 -6.0 -6.0 -1.0  7.6 16.0 16.9 14.4 -1.0 GK
J. Boateng       |17.2 -5.0 15.0 -7.0 13.7 14.9 18.2 17.0 -1.0 -4.0 CB
M. Hummels       |17.9 -5.5 16.2 -7.0 -6.5 12.7 17.0 17.2 -1.0 -5.0 CB
N. Süle          |16.7 -4.0 15.4 -4.0 -4.5 -5.5 18.8 15.9 -1.0  5.8 CB
J. Kimmich       |15.8 -6.5 17.0 -8.0 16.4 -6.5 13.0 14.3 -1.0 -6.5 RB CM DM CB
Rafinha          |15.7 -4.5 15.8 -6.5 15.1 14.4 10.2 10.1 -1.0 -5.5 RB CB LB
D. Alaba         |16.2 -7.0 16.4 16.1 16.2 17.2 13.8 15.1 -1.0 16.4 LB CB DM CM
Bernat           |15.6 -6.0 15.8 -6.5 16.7 -7.5 11.4 11.1 -1.0 -5.5 LB LM
J. Martínez      |17.1 -5.5 15.4 -6.0 -6.0  9.9 16.8 17.7 -1.0 -5.0 DM CB
A. Vidal         |16.8 16.4 16.8 15.6 15.9 13.6 15.4 15.8 -1.0 -7.0 DM CM
C. Tolisso       |14.8 15.7 17.0 -7.0 15.7 -7.0 16.2 16.3 -1.0 14.5 CM DM
Thiago           |-5.5 -7.0 18.2 -7.5 18.2 14.5 11.8 12.2 -1.0 16.3 CM AM DM
S. Rudy          |15.1 14.1 16.8 15.4 16.2 14.2 13.0 12.4 -1.0 15.7 CM DM RB
J. Rodriguez     |-3.0 16.9 16.8 16.8 16.8 15.2 14.0 12.4 -1.0 17.6 AM CM RM
A. Robben        | 6.0 17.2 16.8 15.1 17.9 17.3 13.4 11.1 -1.0 17.1 RM
K. Coman         | 3.2 15.2 15.4 -6.5 16.9 18.6 12.2 11.6 -1.0 -7.0 RM LM
F. Ribéry        |-2.0 15.3 17.2 15.5 17.5 16.3 12.0  8.2 -1.0 15.9 LM
R. Lewandowski   |-2.5 17.7 17.0 12.7 17.4 15.8 16.8 16.8 -1.0 16.3 CF
S. Wagner        |-1.5 16.1 10.8  9.1 13.9 -5.5 18.0 17.0 -1.0 11.4 CF
T. Müller        |-3.5 -8.0 16.2 14.5 15.6 15.4 13.4 16.4 -1.0 -6.5 CF AM RM

Borussia D
R. Bürki         |-2.0 -1.0 14.6 -5.5 -1.0 -4.5 14.8 15.8 16.1 -1.0 GK
R. Weidenfeller  |-1.5 -1.0 11.5 -4.0 -1.0  4.4 15.2 15.9 15.3 -1.0 GK
S. Papastatopulos|17.1  9.8 12.8 -5.0 11.6 -7.0 17.2 17.2 -1.0 -3.5 CB
Ö. Toprak        |16.4 -3.5 15.8 -5.5 13.6 -7.0 15.6 16.2 -1.0  7.5 CB
D. Zagadou       |-6.0 -2.5 11.6  8.7 10.2 -5.5 17.0 15.5 -1.0  5.4 CB RB LB
M. Akanji        |14.9 -3.0 14.6 -5.0 -5.5 13.5 15.4 15.1 -1.0  5.5 CB
Ł. Piszczek      |16.3 14.1 15.6 -7.5 15.0 -7.5 15.8 15.0 -1.0 -5.5 RB RM
J. Toljan        |14.4 -3.5 15.6 -6.5 14.1 17.8 13.6 11.8 -1.0  6.9 RB LB RM
R. Guerreiro     |15.3 15.6 16.8 -7.5 16.7 -7.5 10.8 11.9 -1.0 16.6 LB LM CM DM
E. Durm          |14.8 -5.5 14.0 -6.5 13.5 16.4 13.2 13.5 -1.0 -4.0 LB RB LM RM
M. Schmelzer     |16.0 -5.0 14.8 -6.5 13.4 15.7 15.0 14.5 -1.0 -6.0 LB LM
J. Weigl         |-7.5 10.4 17.6 -7.0 15.4 14.1 12.6 13.3 -1.0 10.4 DM CM
N. Şahin         |14.9 -6.5 16.8 16.7 16.2 -4.5 14.2 13.4 -1.0 16.1 DM CM
S. Rode          |15.6 -6.0 15.0 14.1 14.5 13.7 15.0 13.7 -1.0 11.5 DM CM
G. Castro        |14.8 15.0 16.8 16.5 16.2 14.3 13.0 11.1 -1.0 15.5 CM DM RM
M. Götze         |-4.5 14.1 17.2 15.8 17.7 14.1 13.6 10.5 -1.0 14.5 CM AM RM LM
M. Dahoud        |12.8 13.7 17.4 -6.5 16.3 14.7 11.6 10.0 -1.0 -5.0 CM DM
S. Kagawa        |-3.0 -6.0 16.8 -6.5 17.2 -6.5  7.8 10.2 -1.0 -6.0 AM
C. Pulisic       | 6.5 13.7 15.4 12.9 17.0 18.3 10.4 11.5 -1.0 12.3 RM LM
A. Yarmolenko    |-3.0 15.8 15.6 15.9 17.1 15.4 16.2 14.5 -1.0 16.0 RM
M. Philipp       |-2.5 15.7 15.4 12.6 16.4 16.1 13.8 12.0 -1.0 13.5 LM CF
M. Reus          |-3.5 17.3 17.2 15.3 17.1 17.4 13.4 11.3 -1.0 17.4 LM CF
A. Schürrle      |-3.0 16.2 15.4 -6.0 15.6 16.0 13.2 13.4 -1.0 -7.0 LM CF
M. Batshuayi     | 4.3 16.2 12.8 -4.5 15.3 15.7 16.4 15.4 -1.0 -5.0 CF
A. Isak          | 3.8 -6.0 11.8 -4.0 14.0 15.7 11.8 13.9 -1.0 -4.0 CF

Bayer 04
B. Leno          |-1.5 -1.0 14.8 14.0 -2.0  9.8 13.6 16.3 16.7 -1.0 GK
R. Öszan         |-1.5 -1.0 13.9 -5.5 -1.0 10.3 14.4 15.5 14.7 -1.0 GK
J. Tah           |16.4 -2.5 14.8 -4.5 11.9 -6.5 18.2 16.3 -1.0 -5.5 CB
P. Retsos        |14.6  6.4 12.8 11.9 -4.5 14.3 14.4 14.5 -1.0  6.2 CB RB
T. Jedvaj        |15.2 -5.0 13.6 12.7 12.8 14.4 15.2 15.2 -1.0 -3.0 CB RB
B. Henrichs      |14.8 -5.0 15.4 -6.5 15.3 15.8 13.6 12.4 -1.0 -5.0 RB LB
Wendell          |14.9 -5.0 15.0 -6.5 15.5 17.3 12.8 11.3 -1.0 -6.0 LB
S. Bender        |16.7 -4.5 14.6 -5.0 11.8 13.9 15.2 15.1 -1.0  7.5 DM CB
L. Bender        |16.6 13.6 15.8 14.3 14.7 13.5 15.2 15.6 -1.0 10.1 DM CM RB
J. Baumgartlinger|15.3 -4.5 15.2 13.4 13.9 14.2 15.8 14.3 -1.0  9.0 DM
D. Kohr          |14.8 -5.0 15.2 -5.0 14.7 13.2 14.6 14.9 -1.0 -5.0 DM CM
M. Frey          |13.4 -4.0 13.4 -5.0 12.4 -5.5 14.0 13.5 -1.0 -4.5 DM CM
C. Aránguiz      |-5.5 14.7 16.4 15.9 15.9 15.0 12.8 10.8 -1.0 15.1 CM DM
V. Yurchenko     |10.5 12.3 14.6 13.4 14.4 13.2 10.8 11.0 -1.0 12.1 CM AM
K. Havertz       | 7.5 -5.5 15.8 14.2 15.3 14.6 12.0 13.2 -1.0 10.3 RM AM
K. Bellarabi     | 6.4 15.5 15.6 -6.0 16.9 18.3 13.6 11.4 -1.0 -6.0 RM
L. Bailey        | 3.9 15.2 15.0 -6.5 16.6 18.7 11.2 12.8 -1.0 15.1 LM RM
J. Brandt        | 4.9 15.1 16.2 14.4 17.1 16.2 13.0 10.2 -1.0 -6.0 LM RM AM
K. Volland       |-3.0 16.4 16.2 -6.5 16.0 15.5 16.4 13.8 -1.0 15.7 CF RM LM
S. Kießling      |-3.0 15.1 14.6 -5.0 13.4 10.8 16.2 16.9 -1.0 -5.5 CF
J. Pohjanpalo    | 3.4 14.2 12.2 -4.0 13.4 14.9 13.8 14.6 -1.0 -5.0 CF
L. Alario        | 4.7 -7.0 13.8  9.6 15.3 14.4 16.0 16.4 -1.0 -4.5 CF  

Schalke 04
R. Fährmann      |-1.5 -1.0 10.4 10.6 -1.5  8.5 15.8 17.4 16.9 -1.0 GK
M. Langer        |-1.5 -1.0 11.8 -5.0 -1.0  6.3 16.6 15.0 13.6 -1.0 GK
B. Stambouli     |15.6 11.8 15.4 -5.5 -6.5 13.0 15.0 14.4 -1.0 -4.0 CB DM
Naldo            |16.7 -6.5 15.0 -5.0 12.8 13.7 16.4 17.5 -1.0 -6.0 CB
M. Nastasić      |16.5 -2.5 13.8 -5.0 -4.5 14.0 15.6 16.1 -1.0 -3.0 CB
Insua            |15.1  7.4 14.6 -4.5 -4.5 11.2 14.8 15.4 -1.0 -2.5 CB
T. Kehrer        |15.1 -4.5 13.6 11.6 12.7 14.8 13.4 14.6 -1.0  8.2 CB RB LB
S. Riether       |14.3 11.1 14.6 13.8 13.9 13.4 12.4 12.5 -1.0 10.5 RB CB
B. Oszipka       |15.4 -6.0 15.4 15.5 14.7 -6.5 15.2 14.2 -1.0 12.9 LB LM
A. R. Baba       |14.7 -5.0 14.4 -6.5 15.2 16.1 14.0 13.7 -1.0 -3.5 LB
N. Bentaleb      |-6.5 -6.5 17.2 -6.5 16.5 13.4 14.2 11.4 -1.0 -6.0 CM DM
W. McKennie      |-6.0 11.7 14.4 -5.5 13.7 13.0 13.6 14.9 -1.0 11.3 CM DM
L. Goretzka      |15.6 15.3 16.8 15.4 16.2 17.0 13.6 15.1 -1.0 15.3 CM DM AM
M. Meyer         |10.7 -5.5 16.6 14.6 16.6 -7.0  9.2  8.9 -1.0 13.4 CM DM AM
D. Caligiuri     |12.2 14.8 15.6 -6.5 16.2 15.5 13.6 13.2 -1.0 -6.5 RM RB
A. Harit         | 8.2 13.3 15.4 14.4 16.8 16.3  6.4 10.3 -1.0 -5.5 RM CM LM
A. Schöpf        |10.7 14.3 15.0 -6.5 15.9 15.6 11.6 10.1 -1.0 13.5 RM RB CM
Y. Konoplyanka   | 5.7 15.3 15.4 15.2 16.4 17.4 11.6 10.9 -1.0 16.1 LM
M. Pjaca         | 4.8 -6.0 15.4 14.3 17.3 16.8 14.6 14.1 -1.0 15.1 LM
F. Di Santo      |-2.5 14.8 14.8 11.8 15.3 -6.5 15.4 14.8 -1.0 -5.5 CF
G. Burgstaller   |-1.5 16.0 14.8 -6.0 14.7 14.6 16.2 15.4 -1.0 -5.0 CF LM
C. Teuchert      | 4.9 12.8 12.2 -4.5 14.1 16.1 13.2 12.7 -1.0 -4.5 CF RM
B. Embolo        |-2.5 -6.5 14.4 -6.0 15.6 16.2 16.6 14.2 -1.0 -5.5 CF

Borussia M
Y. Sommer        |-1.5 -1.0 16.0 -6.5 -1.5 10.2 13.6 14.9 16.1 -1.0 GK
T. Sippel        |-1.0 -1.0 -6.5 -5.5 -1.0  9.2 13.0 14.0 14.4 -1.0 GK
M. Ginter        |15.7 11.7 14.8 14.7 -6.0 -6.0 16.2 16.1 -1.0 11.0 CB DM
J. Vestergaard   |15.6 -4.5 13.8 -6.0 10.5  9.3 18.8 16.3 -1.0  8.5 CB
R. Oxford        |12.9 -3.0 12.4 -3.5 -4.5 14.3 13.4 13.8 -1.0  7.2 CB DM
M. Doucouré      |12.2 -3.0  9.6  7.3 -3.5 13.3 13.4 12.4 -1.0  6.2 CB
T. Jantschke     |16.2 -4.0 14.4 13.1 13.2 12.9 14.2 13.7 -1.0  9.1 RB CB
N. Elvedi        |15.7 -3.5 14.4 12.8 14.0 14.1 15.6 15.4 -1.0 -3.0 RB CB
J. Hoffmanns     |12.7  8.2 12.4 -4.5 11.9 13.5 11.0 11.1 -1.0  7.8 RB LB
O. Wendt         |15.1 -6.0 15.4 15.8 15.0 15.5 13.6 13.1 -1.0 -6.0 LB
C. Kramer        |15.8 -4.5 15.4 13.1 15.0 10.6 13.8 12.5 -1.0 -4.0 DM CM
T. Strobl        |15.5 -5.0 14.8 -5.5 11.9 -5.5 15.6 14.4 -1.0 -4.5 DM CB
D. Zakaria       |14.8 -5.0 16.4 -6.5 15.6 -7.0 16.0 13.9 -1.0 -4.5 CM DM
M. Cuisance      |-4.5 -6.0 15.4 14.7 14.8 -6.5  9.0 10.9 -1.0 -7.0 CM
L. Bénes         |-3.5 12.8 15.2 13.4 13.5 13.3 11.2  9.4 -1.0 14.1 AM CM
P. Herrmann      |-3.0 14.5 14.8 -6.5 15.7 17.2 11.2 11.7 -1.0 -6.0 RM LM
I. Traoré        | 7.8 15.0 15.2 15.4 16.4 17.7  9.4 10.0 -1.0 15.7 RM
J. Hofmann       | 6.4 13.7 15.6 -7.0 15.6 15.8 11.2  9.4 -1.0 13.5 RM LM AM CM
T. Hazard        |-3.0 15.6 16.2 -7.5 16.9 16.4 12.6  9.1 -1.0 15.9 LM RM
V. Grifo         |-3.0 15.1 14.6 -7.0 17.0 14.8 12.8 10.3 -1.0 15.9 LM
F. Johnson       |14.1 -6.0 15.4 14.8 15.6 17.3 12.4 12.8 -1.0 -5.5 LM
L. Stindl        |12.7 17.0 16.6 14.5 16.1 14.3 14.0 13.4 -1.0 -7.0 CF
Raffael          |-3.5 15.6 16.2 14.9 17.2 14.5 12.6 12.7 -1.0 15.2 CF
R. Bobadilla     |-3.0 15.0 14.4 -6.0 15.3 14.5 18.2 14.8 -1.0 15.3 CF RM
J. Drmić         | 6.9 14.9 14.4 13.3 14.5 15.3 14.2 13.7 -1.0 -6.0 CF RM

RB Leipzig
P. Gulácsi       |-2.5 -1.0 -5.5 -5.0 -1.5  8.0 13.6 15.6 15.5 -1.0 GK
Y. Mvogo         |-1.5 -1.0 -5.5 -5.0 -1.5  8.4 14.6 16.1 14.9 -1.0 GK
W. Orban         |15.6  6.7 13.8 -4.5 11.7 10.9 16.6 16.8 -1.0  5.9 CB
D. Upamecano     |14.7 -3.0 14.0 -5.0 12.1 15.9 17.0 13.7 -1.0  5.6 CB
I. Konaté        |12.8  5.2 12.4 -3.5 -4.5 14.9 15.8 13.7 -1.0  5.1 CB
Bernardo         |14.8 -4.5 14.0 12.0 13.3 -7.0 14.4 13.8 -1.0 -4.0 RB LB
B. Schmitz       |13.8 -5.0 14.0 -5.5 12.9 13.7 13.6 12.5 -1.0 12.7 RB LB DM
L. Klostermann   |14.8 -4.0 14.6 12.6 13.5 -8.0 13.6 14.6 -1.0 -3.0 RB LB
M. Halstenberg   |15.0 -6.0 15.2 -6.5 14.3 14.2 15.6 16.0 -1.0 14.4 LB
D. Demme         |14.8 -4.0 16.4 -7.0 15.0 -5.5 13.4 12.0 -1.0 -4.5 DM CM
S. Ilsanker      |15.5 -5.0 13.8 -4.5 10.9 -5.0 16.8 13.3 -1.0 -4.0 DM CB RB
K. Laimer        |14.0 12.7 15.2 12.9 14.7 14.8 12.6 11.6 -1.0 -5.0 CM DM RB
N. Keïta         |-6.0 14.5 17.6 -6.5 17.6 -7.0 11.8  9.3 -1.0 -5.0 CM DM AM
K. Kampl         |-5.5 14.1 16.8 -6.5 16.8 -7.5  9.4  9.0 -1.0 14.2 CM AM
M. Sabitzer      |-3.5 16.1 15.8 13.7 16.0 16.6 15.0 12.2 -1.0 -6.5 AM CF
D. Kaiser        |11.8 14.5 15.0 14.5 14.2 -5.5 11.6  9.9 -1.0 15.1 AM CM RM
E. Forsberg      |-2.5 14.8 17.2 -7.0 16.5 14.8 12.6 10.0 -1.0 15.5 AM LM
Bruma            |-2.5 14.8 14.6 -6.5 16.9 18.6 11.4 11.4 -1.0 14.4 LM RM AM
A. Lookman       | 5.2 13.8 10.6 -4.0 14.6 17.2 11.0 10.7 -1.0 -4.5 LM CF
Y. Poulsen       |-2.5 -6.5 14.4 -5.0 14.9 17.1 15.8 16.7 -1.0 -5.0 CF
T. Werner        |-2.0 -7.0 15.4 -5.5 16.7 18.5 11.8 15.0 -1.0 -5.0 CF
J.-K. Augustin   | 3.6 -6.5 13.4 -5.5 15.6 16.7 12.8 12.1 -1.0 -4.0 CF

Wolfsburg
K. Casteels      |-1.5 -1.0 14.4 14.8 -1.5  9.0 14.4 16.2 15.6 -1.0 GK
M. Grün          |-1.0 -1.0 -5.5 -5.0 -1.0 10.1 15.2 16.3 13.5 -1.0 GK
J. Bruma         |15.2 -5.0 15.0 -5.5 12.3 12.9 18.0 16.3 -1.0 -5.0 CB
R. Knoche        |15.4 -4.0 13.2 -4.5 -4.5 11.5 15.2 15.7 -1.0  7.1 CB
J. Brooks        |16.1 -3.5 14.2 -5.0 12.7 14.5 16.8 17.1 -1.0  5.8 CB
F. Uduokhai      |14.8 -4.0 13.8 -4.0 -5.0 -6.5 15.2 15.7 -1.0  6.7 CB
M. Tisserand     |14.6 -5.5 14.0 14.2 13.7 13.7 15.0 15.5 -1.0 -5.0 CB LB
P. Verhaegh      |15.7 -5.0 15.0 -7.0 14.3 13.5 14.0 13.2 -1.0 -5.0 RB
William          |13.9 -4.0 14.4 -6.5 14.3 15.4 13.2 10.2 -1.0 -4.5 RB
S. Jung          |14.7 -5.0 15.0 15.2 14.5 14.7 13.2 12.7 -1.0 -5.0 RB
Y. Gerhardt      |14.4 14.0 16.0 14.8 15.2 14.2 15.0 12.3 -1.0 12.3 LB LM CM
G.-L. Itter      |12.9 -4.5 13.8 13.1 13.8 13.6 11.6 13.6 -1.0 -4.5 LB
J. Guilavogui    |16.4 -6.0 15.4 -5.5 14.0 13.9 16.4 15.8 -1.0 -5.0 DM CM
Camacho          |15.8 -6.0 16.2 -5.5 -6.5 12.3 15.4 16.4 -1.0 11.7 DM CM CB
M. Arnold        |-6.0 -7.5 15.8 -6.5 15.7 13.4 13.4 11.5 -1.0 15.9 CM DM AM
R. Bazoer        |12.6 13.2 15.8 14.4 15.7 15.0 14.8 13.7 -1.0 -5.0 CM
Y. Malli         |-2.5 -6.5 16.0 15.0 16.4 14.9 10.4  9.7 -1.0 14.1 AM LM
D. Didavi        |10.2 16.7 16.0 15.0 16.5 15.3 15.4 12.6 -1.0 16.0 AM CM
A. Mehmedi       | 7.3 15.3 14.8 13.1 15.7 15.1 14.2 12.7 -1.0 -6.5 RM CF LM
J. Błaszczykowski|12.0 14.1 15.2 -6.5 15.3 15.0 14.4 10.6 -1.0 14.0 RM RB
R. Steffen       |-2.0 14.4 15.0 14.7 15.4 17.7 12.0 12.3 -1.0 14.9 LM RM AM
J. Brekalo       |-2.0 12.9 14.0 -6.0 15.7 16.1  9.8 10.1 -1.0 12.2 LM RM
D. Origi         | 5.0 15.2 15.0 -6.0 15.2 16.6 16.4 14.9 -1.0 -5.0 CF RM LM
V. Osimhen       | 3.9 12.9 11.2 -3.0 12.8 15.2 13.2 13.7 -1.0 -4.5 CF
L. Dimata        | 3.7 -6.0 12.8 -4.0 14.7 15.8 16.2 14.8 -1.0 -4.0 CF

Hoffenheim
O. Baumann       |-1.5 -1.0 -6.0 -5.5 -1.5  9.8 13.8 15.7 16.5 -1.0 GK
G. Kobel         |-1.0 -1.0 -4.0 10.3 -1.0  5.2 13.6 13.2 12.9 -1.0 GK
K. Akpoguma      |14.0 -4.5 11.8 11.7 12.2 -7.0 15.6 14.0 -1.0  6.4 CB RB
K. Vogt          |15.8 -5.5 14.8 -6.5 13.8 -7.0 17.0 15.5 -1.0 11.3 CB DM
N. Hubner        |16.2 -3.0 11.4  9.6 12.1 10.9 15.6 16.3 -1.0 -3.0 CB
J. Hoogma        |14.5 -3.0 14.0 -4.5 -5.0 13.5 15.0 12.3 -1.0  6.3 CB
H. Nordtveit     |15.1 -5.0 14.6 -6.5 13.5 10.5 16.2 15.4 -1.0 13.1 CB CM RB
E. Bičakčić      |15.3 -3.5 12.6 -4.5 -4.0 11.8 16.6 14.7 -1.0 -3.0 CB
S. Posch         |14.1 -2.5 11.4 -2.5 -3.0 10.8 12.8 13.9 -1.0  5.0 CB
P. Kadeřábek     |14.7 11.7 15.0 -7.0 15.0 16.1 15.4 13.9 -1.0 10.9 RB
F. Passlack      |12.8 12.0 15.0 -6.0 14.5 14.8 15.0 10.1 -1.0 -5.5 RB RM LB
S. Zuber         |14.2 -7.0 14.8 -6.0 15.5 15.7 15.4 14.2 -1.0 -7.0 LB LM
N. Schulz        |14.3 -5.0 14.8 13.2 14.9 17.4 14.4 11.5 -1.0 -4.0 LB LM
E. Polański      |15.0 -6.5 14.4 13.7 13.4 -5.0 15.4 14.1 -1.0 15.1 DM CM
F. Grillitsch    |-5.0 -5.5 15.6 14.1 15.0 12.9 12.8 12.5 -1.0 -5.0 CM DM
D. Geiger        |-4.5 -4.0 15.4 -5.5 14.7 12.5  7.6  7.6 -1.0 10.2 CM
L. Rupp          |13.4 13.7 15.8 14.8 15.7 14.7 11.8 10.4 -1.0 13.3 CM RM DM
K. Demirbay      |10.7 15.0 16.4 15.1 16.6 13.5 13.8 11.0 -1.0 15.8 AM CM
R. Žulj          | 4.6 14.6 15.0 13.6 15.3 10.7 15.2 14.4 -1.0 14.0 AM CF
S. Gnabry        | 8.5 15.2 15.2 13.8 16.5 18.0 13.6 10.3 -1.0 -6.0 LM RM CF
A. Kramarić      | 4.3 16.3 15.8 -5.5 17.0 14.7 13.6 13.6 -1.0 14.5 CF
Á. Szalai        |-2.5 14.8 14.4  9.7 14.4  9.5 17.4 16.4 -1.0 -5.0 CF
M. Uth           | 5.9 16.5 14.4 13.5 15.6 15.1 13.6 14.4 -1.0 -3.5 CF RM

Eintracht
L. Hrádecký      |-1.0 -1.0 -4.5 -5.0 -1.0  8.2 11.0 15.9 16.6 -1.0 GK
J. Zimmermann    |-1.5 -1.0 11.4 -5.0 -2.0  9.2 13.8 15.5 13.6 -1.0 GK
C. Salcedo       |15.3 -2.5 13.4 -4.0 11.8 13.7 15.8 14.3 -1.0  4.3 CB
D. Abraham       |15.6 -5.0 14.6 -5.5 -4.5 15.9 16.0 15.8 -1.0 -5.0 CB
S. Falette       |14.9 -4.0 13.2 -4.0 11.2 14.1 18.6 15.1 -1.0 -3.0 CB
M. Russ          |14.5 -4.5 13.4 -4.0  8.3  6.2 16.6 15.5 -1.0 -3.0 CB DM
T. Chandler      |14.9 -6.0 15.0 15.0 14.5 15.4 16.4 14.8 -1.0 -5.0 RB RM LB
D. Da Costa      |13.5 -4.5 13.6 14.3 14.4 15.4 16.0 14.3 -1.0 -5.0 RB
Y. Regäsel       |13.4 -3.5 13.4 -5.5 13.4 14.3 12.6 10.5 -1.0 -3.5 RB
T. Tawatha       |13.2 -3.5 14.0 -6.5 14.2 15.7 12.6 12.3 -1.0 -3.5 LB
J. Willems       |14.6 -6.0 15.4 -7.5 15.7 15.8 15.0 13.2 -1.0 -6.5 LB LM
O. Mascarell     |14.7 -6.0 16.2 -6.0 15.5 13.6 15.0 12.3 -1.0 13.2 DM CM
M. Hasebe        |15.4 10.7 15.4 14.9 14.1 12.6 13.8 13.6 -1.0 -5.5 DM CM CB RB
G. Fernandes     |15.0 -5.5 15.0 13.2 13.7 13.4 15.0 13.0 -1.0 11.1 DM CM
M. Gaćinović     |12.3 13.4 15.6 14.1 16.0 15.6 11.0 10.4 -1.0 11.6 CM LM AM
K.-P. Boateng    |13.5 15.7 16.4 15.2 16.3 13.8 16.4 15.2 -1.0 15.3 CM CF AM LM
M. Stendera      |11.6 14.5 15.6 14.0 15.6 -6.0 12.6  9.9 -1.0 15.7 CM AM DM
J. De Guzmán     | 9.8 -7.0 15.2 14.7 15.8 15.4 13.0 11.5 -1.0 15.4 AM CM DM
M. Fabián        |-3.0 15.6 16.0 14.9 16.2 14.5 13.2 12.0 -1.0 15.7 AM RM LM
D. Kamada        |-3.0 11.7 14.2 12.5 14.5 16.2 12.6 10.7 -1.0 10.6 AM
M. Wolf          |-4.0 13.5 14.2 -6.0 14.6 17.0 13.8 12.6 -1.0 -5.0 RM RB LM
A. Barkok        |10.4 12.1 12.6 11.4 16.1 14.1 13.4 12.8 -1.0 12.1 RM AM
S. Haller        | 7.4 -7.0 13.4  7.5 15.1 14.7 18.2 15.7 -1.0 -5.0 CF
A. Rebić         |-2.5 15.2 14.6 -6.0 15.6 15.6 15.8 13.7 -1.0 -6.5 CF LM
L. Jović         | 4.3 14.1 12.4 11.7 14.7 15.1 13.8 13.5 -1.0 -5.0 CF
A. Meier         |-3.0 16.1 13.2 -5.5 14.3  7.4 17.4 14.4 -1.0 15.7 CF AM
D. Blum          | 5.3 14.2 12.6 -5.5 15.0 17.3 14.0 11.1 -1.0 14.7 CF RM LM

Hertha
R. Jarstein      |-1.0 -1.0 14.0 14.0 -1.5  8.6 14.0 14.9 16.4 -1.0 GK
T. Kraft         |-1.5 -1.0 -5.5 11.0 -1.5 10.1 13.6 15.7 -7.0 -1.0 GK
N. Stark         |15.6 -5.5 15.4 -5.5 13.7 15.3 15.6 15.5 -1.0 -4.0 CB DM
J. Torunarigha   |13.2 -3.0 11.4 -3.5  9.8 14.4 15.2 14.3 -1.0  5.6 CB LB
K. Rekik         |15.7 -4.0 14.4 -5.0 -5.5 13.4 16.2 15.8 -1.0  6.7 CB
F. Baak          |12.0 -3.0 10.4 -3.5  8.6 10.5 15.2 13.3 -1.0  5.0 CB
M. Weiser        |14.5 -6.0 15.8 -7.0 16.8 16.9 13.2 13.0 -1.0 -5.5 RB RM
P. Pekarík       |15.3 -4.0 15.0 -6.5 14.9 14.9 13.2  9.8 -1.0 -4.5 RB
M. Plattenhardt  |15.1 -5.5 15.6 -7.5 15.2 15.3 14.2 12.5 -1.0 -7.0 LB
M. Mittelstädt   |12.7 -5.0 13.2 13.2 13.6 14.9 10.4 12.2 -1.0 -4.5 LB LM
P. Skjelbred     |14.9 -4.5 15.8 -7.0 15.7 13.4 13.4 11.4 -1.0 -5.0 DM CM
F. Lustenberger  |16.0 -3.5 14.8 -5.0 13.1 12.3 13.6 14.8 -1.0  7.3 DM CB
A. Maier         |-3.3 12.0 14.8 -5.5 14.6 13.2 10.6  8.5 -1.0 -4.5 CM DM
V. Darida        |13.2 14.9 16.4 15.3 16.1 13.9  9.2  9.8 -1.0 15.0 CM AM DM
V. Lazaro        |10.2 13.5 14.8 14.4 15.2 17.8 13.0 10.5 -1.0 14.1 AM LM RM
O. Duda          | 6.2 11.9 15.2 13.0 15.9 13.8 10.4 11.3 -1.0 11.9 AM
A. Esswein       | 5.4 -7.0 13.6 13.2 14.6 17.7 15.4 14.1 -1.0 -6.0 RM LM CF
M. Leckie        |-2.5 13.8 13.6 -5.5 14.6 18.5 14.0 12.6 -1.0 -5.0 RM LM AM
D. Selke         | 4.9 14.5 12.2  8.5 13.9 14.1 14.8 15.5 -1.0 -4.5 CF
J. Schieber      | 4.4 15.1 13.4 -5.0 13.3 13.3 16.2 15.7 -1.0 12.3 CF
V. Ibišević      | 5.0 -7.0 15.6 -5.0 14.8 10.6 15.8 16.3 -1.0 -6.0 CF

Werder
J. Pavlenka      |-1.0 -1.0 -5.5 -4.5 -1.5  6.1 10.4 13.8 15.4 -1.0 GK
J. Drobný        |-1.5 -1.0 -5.0 -5.0 -2.0  7.1 13.2 14.4 14.8 -1.0 GK
M. Veljković     |15.0 -2.5 14.2 -4.5 -5.5 10.9 15.0 14.3 -1.0  5.1 CB DM
N. Moisander     |15.1 -5.0 15.2 -6.0 14.0 13.1 15.2 15.4 -1.0 -4.5 CB
L. Cardirola     |14.5 -4.0 14.0 12.8 12.5 12.8 15.6 15.2 -1.0  9.9 CB LB
S. Langkamp      |15.6 -2.5 13.2 -4.0 -3.5 -5.5 16.6 16.4 -1.0  4.6 CB
T. Gebre Selassie|14.3 -5.0 14.8 14.2 15.1 15.4 13.5 15.9 -1.0 -4.5 RB RM
L. Augustinsson  |14.2 -5.5 14.4 15.0 14.2 16.0 13.0 10.2 -1.0 -6.0 LB
R. Bauer         |14.9 -5.0 14.0 13.6 14.2 14.4 15.4 14.0 -1.0 -4.5 LB RB CB
M. Friedl        |12.9 -3.5 10.6 -5.0 12.5 13.7 12.2 12.8 -1.0  8.0 LB
P. Bargfrede     |15.1 -5.5 14.8 -6.0 13.7 13.2 13.6 11.6 -1.0 12.5 DM
T. Delaney       |14.9 14.7 15.8 -6.5 14.9 14.5 15.6 15.2 -1.0 13.9 CM DM
M. Eggestein     |12.7 -5.5 15.4 -6.0 15.1 12.5 14.4 12.4 -1.0 -5.5 CM DM AM
J. Gondorf       |13.9 13.4 15.6 14.1 14.7 14.4 15.2 12.6 -1.0 14.0 CM DM
Z. Junuzović     |13.6 15.0 15.8 16.4 16.0 15.5 13.0 11.7 -1.0 16.7 CM AM LM
F. Bartels       |-3.5 14.6 15.0 14.2 16.1 17.2 10.4 10.3 -1.0 -6.0 AM RM LM
M. Rashica       | 5.6 13.9 13.6 -6.5 15.5 18.0 11.4 10.2 -1.0 -5.5 RM
J. Eilers        | 5.9 14.1 13.2 -5.0 13.5 15.6 13.0 11.2 -1.0 -5.0 RM LM
F. Kainz         | 5.6 13.5 14.6 13.5 15.8 17.0 11.0 10.1 -1.0 13.2 LM AM CM
A. Jóhannsson    | 4.5 14.1 13.8 -5.0 14.5 13.9 12.6 14.0 -1.0 -5.0 CF
M. Kruse         | 7.2 16.6 16.6 16.1 16.8 14.3 13.8 12.9 -1.0 15.3 CF AM
Z. Yuning        | 4.4 13.6 13.4 -5.5 12.7 13.0 15.4 14.8 -1.0 12.6 CF
F. Bartels       |-3.5 14.6 15.0 14.2 16.1 17.2 10.4 10.3 -1.0 -6.0 CF RM LM
I. Belfodil      |-2.0 14.6 14.4 12.6 15.5 -6.0 17.0 15.6 -1.0 13.9 CF LM
J. Eggestein     |-2.0 12.8 12.2 10.5 12.6 13.7 10.4 13.3 -1.0 -4.5 CF

Köln
T. Horn          |-1.0 -1.0 -7.0 -7.0 -1.5  9.6 13.4 15.8 16.5 -1.0 GK
T. Kessler       |-1.5 -1.0 -5.0 13.3 -2.0  9.4 13.8 16.7 14.0 -1.0 GK
J. Meré          |15.6 -2.5 14.4 -4.0 -5.5 13.7 14.2 15.5 -1.0  6.3 CB
D. Heintz        |15.7 -3.5 15.0 -5.5 12.2 -5.5 16.8 15.7 -1.0 -4.0 CB
D. Maroh         |15.2 -3.5 10.4  9.4 -4.5 10.5 15.8 15.0 -1.0 -2.5 CB
Y. A. Bisseck    |12.1 -3.0 10.0  7.1  8.7 12.2 14.6 13.4 -1.0  6.7 CB
F. Sørensen      |15.1 -3.5 14.2 -5.5 12.9 -5.5 16.8 15.3 -1.0 -3.0 CB RB
L. Klünter       |12.9 -4.0 13.2 -5.5 13.4 17.1 12.4 13.1 -1.0  6.1 RB CB
P. Olkowski      |13.6 -5.5 14.0 12.9 14.1 15.4 14.4 12.0 -1.0 -4.5 RB RM
J. Horn          |12.9 -3.0 13.4 -5.0 12.8 15.9 14.4 12.1 -1.0 -3.5 LB CB
J. Hector        |15.9 12.3 15.6 15.3 15.3 15.3 15.4 14.2 -1.0 12.7 DM LB
M. Lehmann       |14.5 -6.0 14.6 13.5 13.3 -3.5 14.4 13.4 -1.0 13.9 DM
M. Höger         |15.2 14.1 15.4 14.8 14.7 11.5 15.2 14.0 -1.0 13.7 CM DM
S. Özcan         |-5.5 -5.0 14.8 -5.5 14.8 13.2 13.8 11.3 -1.0 10.4 CM DM
V. Koziello      |15.0 13.2 16.2 14.7 15.3 15.3 13.2 10.1 -1.0 -5.5 CM DM
M. Jojić         |-4.5 14.9 15.2 15.1 15.0 13.6 13.0 11.4 -1.0 15.0 CM RM DM
M. Risse         |13.7 15.4 15.2 14.8 15.2 16.0 13.4 11.9 -1.0 14.9 RM RB
C. Clemens       | 7.6 14.0 14.6 13.5 14.3 16.2 13.4 13.6 -1.0 14.3 RM LM
L. Bittencourt   |10.8 13.3 15.8 14.4 16.0 -8.0  9.6 10.1 -1.0 -6.5 LM RM
Y. Ōsako         | 6.5 14.4 14.8 -4.5 15.4 15.3 12.8 14.4 -1.0 -6.0 CF AM
S. Terodde       |-2.0 15.3 12.8 -4.0 13.5 12.9 16.8 16.0 -1.0 -4.5 CF
J. Córdoba       |-3.5 -7.0 13.8 10.9 14.7 16.1 18.0 15.0 -1.0 12.1 CF
S. Guirassy      | 6.1 -6.0 13.2  8.5 14.1 14.3 15.4 14.4 -1.0 11.9 CF
C. Pizarro       |-2.0 15.3 15.0 -6.5 15.4  8.5 15.6 14.9 -1.0 14.1 CF
S. Zoller        | 4.1 14.2 14.0 -5.5 14.4 15.6 12.4 12.7 -1.0 12.5 CF

Stuttgart
R.-R. Zieler     |-1.0 -1.0 -5.5 -5.0 -1.5  9.6 11.0 15.5 15.7 -1.0 GK
J. Grahl         |-1.0 -1.0 -4.5 -4.5 -2.0  8.9 14.8 15.2 13.7 -1.0 GK
T. Baumgartl     |14.9 -3.5 14.2 -4.5 -5.0 11.6 14.8 16.1 -1.0  5.7 CB
B. Pavard        |15.4 -4.0 15.2 14.1 13.9 14.2 13.2 14.9 -1.0  8.7 CB RB DM
M. Kamiński      |14.4 -5.5 14.4 -6.0 12.5 -7.0 14.4 15.1 -1.0 11.1 CB
H. Badstuber     |15.9 -5.0 15.0 14.8 -5.0  9.1 16.2 15.4 -1.0 -6.0 CB
A. Beck          |14.9 -4.5 15.0 14.1 14.3 14.2 13.4 14.0 -1.0 -6.5 RB
I. Insúa         |15.2 -6.5 14.8 15.1 14.7 13.1 15.8 14.3 -1.0 -6.0 LB
D. Aogo          |14.8 -5.5 15.2 14.8 14.8 13.6 15.2 14.0 -1.0 -7.0 LB DM
S. Ascacibar     |15.4 -4.5 15.4 -5.5 13.0 14.7 12.2 11.8 -1.0 -5.0 DM
D. Burnić        |11.9 -4.0 14.4 12.3 13.8 15.0 12.6 11.3 -1.0  8.1 DM CB LB
M. Zimmermann    |13.7 -4.5 13.2 11.3 13.4 14.8 13.7 11.6 -1.0 -4.0 DM RB CM
C. Gentner       |14.9 15.1 15.6 14.3 14.7  9.8 16.4 15.1 -1.0 -6.0 CM DM AM
E. Ofori         |12.8 -5.5 14.2 -6.0 15.1 14.4 11.6  9.4 -1.0 -5.0 CM
O. Mangala       |11.6 -5.0 14.2 12.9 15.1 14.3 10.8 10.0 -1.0 11.2 CM
B. Öszan         |-3.0 -5.0 14.8 13.2 15.2 13.2 13.2  9.9 -1.0 10.0 AM LM
C. Mané          |-3.0 14.9 14.2 12.9 15.4 17.1  7.4 12.6 -1.0 -6.0 RM LM
C. Akolo         | 5.1 -6.0 14.0 12.8 15.5 16.3 13.6  8.4 -1.0 -5.0 RM AM LM CF
E. Thommy        | 6.3 13.0 13.4 -6.0 14.5 -7.0  7.2 10.2 -1.0 12.7 LM RM
T. Asano         | 3.4 12.7 13.2 10.4 14.2 18.4 13.0 12.5 -1.0 -4.0 LM RM
A. Donis         | 4.2 14.0 13.6  9.5 15.4 17.3 12.6 12.8 -1.0 -4.5 CF LM RM
D. Ginczek       |-2.5 -7.0 12.6  6.8 14.2 13.4 18.0 15.5 -1.0 -5.0 CF
M. Gómez         | 4.2 16.3 13.8 -5.0 14.9 14.2 17.2 16.4 -1.0 -5.5 CF

Augsburg
M. Hitz          |-1.5 -1.0 -6.0 -5.5 -1.5  8.7 15.6 16.1 15.6 -1.0 GK
F. Giefer        |-1.0 -1.0 12.2 -4.5 -1.5  7.5 14.8 17.1 14.1 -1.0 GK
A. Luthe         |-1.5 -1.0 -5.0 -4.5 -1.0 -4.0 14.8 16.5 14.1 -1.0 GK
K. Danso         |13.8 -3.0  9.8  8.3 10.3 -6.0 15.2 15.1 -1.0  6.1 CB
M. Hinteregger   |15.4 -6.0 12.6 -6.0 11.7 13.4 16.4 15.7 -1.0 12.8 CB
J. Gouweleeuw    |15.9 -5.5 13.6 -6.5 12.6 14.5 15.4 14.8 -1.0 -5.0 CB
C. Janker        |14.2 -3.5 10.8  8.6 -4.5 10.7 14.8 14.3 -1.0  6.8 CB
R. Framberger    |13.3  8.5 11.6 11.1 -5.0 13.5 11.0 11.5 -1.0  7.7 RB
D. Opare         |14.1 13.1 13.6 13.1 14.6 17.2 13.0 12.5 -1.0 -4.5 RB
P. Max           |14.5 -5.0 14.8 -7.0 15.0 16.4 13.8 11.9 -1.0 -5.5 LB LM
K. Jakob         |11.4  7.8 12.8 11.2 12.3 13.7 11.8 12.1 -1.0  8.2 LB RB LM RM
R. Khedira       |14.4 -4.0 14.2 -5.0 -5.5 10.8 15.8 14.0 -1.0 -4.0 DM CM
D. Baier         |15.2 -5.0 17.0 15.5 15.5 -5.0 13.4 11.6 -1.0 -5.0 DM
G. Kačar         |14.0 -6.0 14.8 -5.5 13.3  8.6 15.8 16.7 -1.0 -5.5 DM CB
J. Moravek       |-4.5 14.0 15.4 14.5 14.9 -5.5 13.2 11.8 -1.0 13.7 CM AM
K. Ja-cheol      |10.7 15.3 15.0 14.3 15.8 14.7 12.8 13.9 -1.0 15.3 AM CM RM
M. Gregoritsch   | 7.3 15.9 15.2 13.4 15.3 13.5 15.0 14.3 -1.0 16.0 AM CF LM
J. Schmid        |12.3 14.2 14.6 -6.0 14.8 15.1 14.4 11.9 -1.0 14.7 RM LM
M. Heller        |-2.0 13.2 13.8 -6.0 15.1 18.6 11.6 11.6 -1.0 -5.0 LM RM
Caiuby           |-2.5 14.6 14.4 13.5 14.9 16.5 16.2 16.3 -1.0 -5.5 LM
A. Finnbogasson  | 5.7 16.1 14.2 -4.5 14.9 13.5 15.4 13.4 -1.0 -5.5 CF
S. Parker        |-2.0 14.1 12.2  9.8 13.9 15.8 12.2 12.5 -1.0 -5.5 CF RM
S. Córdova       | 3.6 13.0 11.8 -4.0 -6.0 15.4 14.8 12.0 -1.0 -5.0 CF

Hannover
P. Tschauner     |-1.0 -1.0 -5.0 -5.5 -1.0  8.4 14.4 16.2 14.7 -1.0 GK
M. Esser         |-1.5 -1.0 14.7 13.9 -1.5 -3.5 16.4 17.3 14.6 -1.0 GK
S. Sané          |15.5 -5.0 14.4 -6.0 14.0 13.0 17.2 16.8 -1.0 -4.0 CB DM
J. Elez          |13.3 -5.5 14.6 -5.0 12.7 13.2 16.2 14.0 -1.0 -5.0 CB
W. Anton         |15.0  9.5 14.4 -5.0 12.5 -5.0 15.4 14.2 -1.0  8.1 CB DM RB
F. Hübner        |14.2 -4.0 11.6 10.1 -4.0 10.8 15.4 14.6 -1.0 -2.5 CB
Felipe           |13.4 -4.5 12.4 -4.5 -5.0  8.2 17.2 15.0 -1.0 -3.5 CB
J. Korb          |15.3 -5.0 15.2 -6.0 15.2 14.7 11.8 10.8 -1.0 -4.5 RB RM
O. Sorg          |14.7 -5.5 14.4 13.0 14.0 14.9 12.8 11.8 -1.0 -5.0 RB LB CB
M. Ostrzolek     |14.8 -4.5 14.2 14.1 14.9 15.2 13.0 12.4 -1.0 -4.5 LB DM
M. Albornoz      |13.2 -5.0 14.8 14.7 14.6 14.2 13.6 12.4 -1.0 -6.5 LB
P. Schwegler     |14.6 -6.5 16.0 15.0 14.9 -4.0 13.2 13.8 -1.0 -6.5 DM CM
M. Schmiedebach  |14.4 -4.5 14.6 13.7 14.5 14.3 13.0 11.8 -1.0 11.1 DM
M. Bakalorz      |14.6 -6.5 14.2 -5.0 13.2 13.1 15.2 13.7 -1.0 -5.0 DM CM
I. Fossum        |-5.0 13.4 14.4 12.2 14.5 14.2 11.4 12.4 -1.0 13.9 CM AM
S. Maier         |-2.0 -6.0 13.6 -5.5 14.0 15.1 10.6 10.9 -1.0 14.1 AM RM LM
F. Klaus         | 6.3 13.8 14.2 13.0 15.3 16.3 13.6 10.6 -1.0 12.5 RM LM
I. Bebou         | 6.3 13.8 14.0 -5.5 15.7 18.4 12.0 12.2 -1.0 -5.0 RM CF
N. Sarenren Bazee| 5.7 12.1 13.6 -5.5 14.4 17.5 11.0 11.7 -1.0 -5.0 RM
E. Prib          |12.8 -6.5 14.4 14.0 14.6 14.8 13.6 12.1 -1.0 14.3 LM LB CM
K. Karaman       | 3.9 14.4 14.2 -5.5 14.8 14.7 13.8 14.7 -1.0 -3.5 LM RM CF AM
N. Füllkrug      |-1.5 14.5 13.2 -5.0 14.4 13.7 16.6 15.5 -1.0 13.6 CF
T. Harnik        | 7.6 14.9 14.4 13.7 14.5 15.6 15.0 16.0 -1.0 -6.0 CF RM
Jonathas         | 5.4 15.9 13.0 -5.0 15.0 14.9 17.4 15.9 -1.0 -4.5 CF
C. Benschop      |-3.0 -7.0 12.6 11.6 13.3 -5.5 18.0 12.9 -1.0 12.9 CF AM

Hamburger
J. Pollersbeck   |-1.5 -1.0 -6.0 -5.5 -1.5  5.6 12.6 15.1 13.6 -1.0 GK
C. Mathenia      |-1.0 -1.0 12.8 -5.5 -1.5  9.1 13.8 15.6 14.7 -1.0 GK
K. Papadopoulos  |-7.0 -4.0 11.2  9.4 -4.0 12.4 18.0 17.7 -1.0 -4.0 CB
R. van Dronglen  |13.8  4.7 13.0 -4.5 -4.5 13.2 15.4 14.6 -1.0 -3.5 CB LB
B. Thoelke       |13.1 -3.0 11.6 -4.0 11.5 -4.0 16.2 14.4 -1.0  5.7 CB
M. Mavraj        |15.2  5.0 12.8  8.9 -4.0  8.2 15.8 16.0 -1.0 -3.0 CB
D. Diekmeier     |14.3 -4.5 13.8 13.5 13.4 17.2 14.8 14.2 -1.0 -4.5 RB
Douglas Santos   |14.2 -6.0 14.4 -6.5 15.2 15.6  9.6 12.3 -1.0 13.7 LB
G. Sakai         |14.7 -4.5 14.4 14.2 14.2 15.1 13.0 12.5 -1.0 -6.0 DM RB LB
Walace           |-6.0 -6.0 15.2 -5.5 14.2 13.6 15.4 12.8 -1.0 -6.0 DM CM
G. Jung          |14.9 -3.5 13.8 -5.5 -6.0 12.2 15.2 14.6 -1.0 -4.0 DM CB
A. Ekdal         |-6.0 13.6 15.4 14.6 15.6 10.9 15.0 12.9 -1.0 14.2 CM DM CB
S. Salihović     |12.5 -7.0 15.0 15.9 14.1  8.7 14.6 11.3 -1.0 17.3 CM DM LM
A. Hunt          |-3.5 14.7 15.6 -6.0 15.5 13.7 13.0 13.0 -1.0 15.1 AM RM
L. Holtby        |-5.0 13.7 16.0 15.4 15.8 14.1 13.0  9.1 -1.0 15.1 AM CM
A. Hahn          |10.0 15.6 14.6 -6.0 13.3 -7.0 16.2 14.9 -1.0 -5.5 RM CF
N. Müller        |-4.0 14.2 14.2 14.1 -7.5 17.3 11.4 11.9 -1.0 12.6 RM LM
B. Jatta         | 5.4 -5.0 12.4 -5.0 14.4 15.8 12.8  8.2 -1.0 10.1 RM LM
G. Kostić        |-3.0 14.1 14.2 -6.5 16.3 17.6 14.8 11.2 -1.0 14.9 LM
T. Ito           | 5.7 -4.0 12.6 -5.0 15.3 14.5  5.4  7.4 -1.0 -4.0 LM RM
M. Gouaida       |-2.5 -5.0 12.8 -5.5 14.1 15.5 11.8  9.8 -1.0  9.3 LM RM
B. Wood          |-2.0 14.2 13.2 12.5 14.6 16.9 15.6 14.4 -1.0 12.9 CF
J.-F. Arp        | 3.4 -6.0 10.0  7.0 13.8 13.8 13.0 12.8 -1.0 -4.0 CF
G.-L. Waldschmidt| 2.9 13.2 12.4  9.5 12.4 14.5 10.6 12.1 -1.0 -4.5 CF RM
S. Schipplock    |-2.5 13.5 13.2 -4.5 13.6 13.7 16.2 14.7 -1.0 10.7 CF

Mainz
R. Zentner       |-1.5 -1.0 12.1 11.3 -1.5 13.0 15.8 15.8 13.5 -1.0 GK
R. Adler         |-1.0 -1.0 14.8 14.2 -1.5  8.3 13.2 16.1 15.8 -1.0 GK
L. Balogun       |14.4 -4.5 13.4 12.9 12.2 14.1 16.8 15.9 -1.0 -4.5 CB RB
S. Bell          |15.3 -4.0 13.8 -5.0 10.4 -5.5 16.6 16.1 -1.0  6.9 CB
A. Diallo        |15.2 -3.0 15.0 -6.0 12.9 13.7 15.4 15.8 -1.0 -3.0 CB
N. Bungert       |15.3 -4.0 13.6 -4.5 -4.5 12.5 14.8 15.4 -1.0 -3.5 CB
A. Hack          |13.8 -3.0 14.8 -6.0 12.4 14.3 15.6 15.2 -1.0  6.6 CB
G. Donati        |15.4 -5.0 13.6 13.8 13.5 14.5 15.4 13.8 -1.0 10.3 RB
D. Brosinski     |14.5 12.4 14.2 15.2 14.5 17.0 12.4 13.8 -1.0 -7.0 LB RB
N. de Jong       |14.7 -5.0 14.8 -6.0 13.6 12.2 15.0 12.9 -1.0 10.5 DM CM
J.-P. Gbamin     |15.3 -5.5 15.6 14.3 15.0 15.1 16.4 14.8 -1.0 -5.0 DM CB
S. Serdar        |13.5 13.0 15.0 -6.0 14.9 13.4 15.2 13.4 -1.0 -5.0 CM DM AM
D. Latza         |14.0 -5.5 16.0 14.8 15.1 13.6 13.6 12.8 -1.0 -6.0 CM DM
A. Maxim         |-2.5 13.7 14.8 14.7 15.8 14.6  9.8  9.2 -1.0 15.2 AM CM LM
L. Öztunali      | 9.4 13.7 13.8 13.9 15.8 17.0 14.8 12.0 -1.0 -6.5 RM
K. Onisiwo       | 8.8 13.4 13.6 13.7 14.9 15.5 15.4 13.4 -1.0 11.9 RM LM CF RB
P. De Blasis     | 7.0 14.4 14.8 13.4 15.9 -7.5  9.4 13.9 -1.0 -6.5 LM RM
G. Holtmann      |-4.5 -6.0 13.0 -5.5 14.2 18.4 13.6 10.6 -1.0 -4.5 LM LB CF
R. Quaison       |11.0 14.0 14.8 13.6 15.4 15.7 14.8 11.3 -1.0 -6.0 CF LM
Y. Mutō          | 6.9 15.0 15.2 -6.0 15.8 15.6 11.0 14.7 -1.0 -5.5 CF
E. Berggreen     | 4.6 -6.5 12.2 -3.5 13.9 10.7 17.6 15.9 -1.0 12.7 CF
A. Ujah          |-2.5 -7.0 12.4 10.5 14.2 15.4 16.4 15.6 -1.0 -5.0 CF

Freiburg
A. Schwolow      |-1.0 -1.0 -5.5 -5.5 -1.5  7.4 13.4 16.0 15.0 -1.0 GK
R. Gikiewicz     |-1.5 -1.0 -5.5 -5.0 -2.0  5.6 13.6 14.6 14.1 -1.0 GK
Ç. Söyüncü       |-7.0 -4.5 11.0 10.0 11.4 14.1 16.0 14.0 -1.0  7.7 CB
M. Gulde         |14.5 -3.5 11.8 -4.5 -5.0 13.3 14.2 14.3 -1.0 -3.0 CB
M.-O. Kempf      |14.6 -3.5 13.0 -5.0 11.7 13.4 15.4 15.9 -1.0  7.5 CB
R. Koch          |14.0 -3.0 12.8 -4.0 -5.5 -5.5 15.2 14.5 -1.0  6.1 CB DM
G. Niedermeier   |-6.0 -3.0  7.0 -2.5  5.7  6.7 15.6 15.5 -1.0 -2.0 CB
J. Schuster      |14.4 -5.5 14.0 13.4 12.1  6.5 14.6 11.9 -1.0 -6.5 CB DM
P. Lienhart      |13.1  5.4 10.6  8.6 -4.5 11.8 14.0 14.0 -1.0  6.8 CB
P. Stenzel       |14.2 10.9 15.0 13.6 14.3 12.8 11.8 13.1 -1.0 -4.0 RB
A. Ignjovski     |14.5 -4.5 13.8 11.9 13.3 14.0 11.8 11.4 -1.0 11.8 RB DM LB
L. Kübler        |14.3  9.4 13.2 -5.5 12.2 13.5 12.6 13.5 -1.0 -3.0 RB
C. Günter        |14.3 -5.0 13.8 -6.0 14.0 -7.5 15.6 12.1 -1.0 -5.5 LB
G. Bussmann      |15.4 -5.5 12.4 13.0 12.7 13.9 15.4 15.4 -1.0 11.3 LB
A. Abrashi       |14.7 -5.5 13.0 11.1 12.3 13.8 13.8  9.3 -1.0 -5.0 DM
N. Höfler        |14.1 -4.5 15.0 -5.5 13.3 11.6 14.4 13.4 -1.0 10.0 DM CM CB
P. Kammerbauer   |12.4 10.5 14.0 13.1 13.9 16.5 12.8 11.0 -1.0 -5.0 DM RB
J. Meffert       |13.2 -4.5 14.0 -5.5 12.3 11.5 14.2 13.8 -1.0 10.1 DM CM
J. Haberer       |-4.5 13.5 15.4 13.2 15.3 12.8 12.8 12.6 -1.0 -5.5 CM AM
M. Frantz        |13.4 13.2 15.0 14.4 14.0 13.2 15.2 11.3 -1.0 13.1 CM DM RM
Y. Ravet         | 7.2 14.7 15.0 14.4 14.7 16.4 14.0 10.6 -1.0 14.2 RM
B. Kapustka      | 9.1 12.7 14.8 13.4 14.6 16.1 10.2 12.1 -1.0 -5.5 LM CM
M. Terrazzino    |-2.5 12.8 14.4 13.1 15.0 13.9 11.8 10.9 -1.0 13.3 LM
F. Kath          | 7.6 11.4 12.6 -5.0 13.5 14.8 11.8 10.8 -1.0 -4.5 LM RM
N. Petersen      | 5.8 -7.0 12.8 10.5 13.4 12.1 15.2 16.0 -1.0 -5.0 CF
L. Höler         | 4.6 13.9 12.2  8.3 13.5 14.4 14.6 14.4 -1.0 -4.5 CF
F. Niederlechner | 6.3 15.4 13.6 10.2 13.9 14.4 16.0 14.1 -1.0 -5.0 CF
T. Kleindienst   |-2.0 13.8 11.6  9.5 13.5 13.6 14.8 15.5 -1.0 -4.5 CF