								   df   fn   sp   lp   dr   pa   st   hd   gk   sp
Spartak Moscow
A. Selikhov			 | 3.5 -1.0 14.4 14.8 -1.0 -3.5 13.0 16.0 15.1 -1.0 GK
A. Rebrov				 | 2.6 -1.0 12.7 12.1 -1.0 -3.5 13.6 16.8 14.4 -1.0 GK
G. Dzhikia			 |15.7 -5.0 13.0 12.5 -5.5 -7.5 17.0 14.2 -1.0 12.5 CB LB
I. Kutepov			 |14.8  5.5 14.5 -5.0 -4.0  7.5 16.4 14.9 -1.0  6.0 CB
S. Taschi				 |15.8  6.7 15.2 14.8 13.7 13.3 15.6 16.4 -1.0  6.0 CB
N. Maksimović    |15.9  5.9 11.8 11.8 11.0 13.0 17.2 15.9 -1.0 -2.0 CB
S. Bocchetti		 |14.6  9.4 12.2 11.9 11.7 13.0 16.1 15.6 -1.0  7.2 CB LB
A. Eschenko			 |14.7 11.6 13.8 14.3 13.2 15.9 13.4 12.5 -1.0 10.0 RB
M. Petković			 |12.9 -4.5 13.2 13.8 14.9 14.7 14.2 12.7 -1.0  7.7 RB
D. Kombarov			 |13.5 14.2 15.2 15.9 15.2 16.5 11.8 14.0 -1.0 15.7 LB LM
G. Tigiev				 |14.0 -4.5 14.0 11.6 13.3 16.7 12.0 10.6 -1.0 13.1 LB RB
Fernando				 |15.7 -6.0 15.9 15.9 -6.0 14.1 13.8 12.9 -1.0 17.1 DM CM
D. Glushakov		 |15.1 15.7 16.0 13.5 14.5 14.1 14.0 14.2 -1.0 10.2 DM CM
R. Zobnin				 |15.1 13.0 16.2 15.1 15.8 15.2 12.6 13.9 -1.0 12.2 DM CM LM RM RB LB
A. Timofeev      |13.9 10.9 13.8 10.8 12.4 13.9 14.4 12.2 -1.0  6.0 DM CM
M. Pašalić			 |13.8 14.5 15.6 14.2 15.6 13.2 15.6 13.9 -1.0 13.5 CM DM AM 
J. Ananidze	  	 | 8.5 14.2 15.6 13.9 14.8 -7.0  5.4 10.8 -1.0 14.7 AM LM
S. Hanni         |-4.0 15.9 14.8 14.3 15.2 15.0 13.0 10.9 -1.0 14.4 AM LM
A. Samedov			 |10.2 14.9 16.0 16.1 15.2 16.1 13.6 12.1 -1.0 16.0 RM CM RB 
L. Melgarejo		 |12.5 14.1 13.4 13.1 15.1 16.8 12.2 15.2 -1.0 -5.0 LM RM LB CF
Q. Promes				 | 5.1 17.3 15.6 15.2 16.9 17.7 12.2 12.7 -1.0 15.6 LM RM
Pedro Rocha			 | 6.1 13.6 14.4 13.2 14.7 15.8 11.8 13.1 -1.0  9.0 LM CF
L. Adriano			 | 5.2 15.5 14.4 11.2 15.7 15.6 14.4 15.4 -1.0 -5.0 CF LM RM 
Zé Luis					 | 4.5 14.8 13.7  9.2 16.1 16.1 16.6 16.9 -1.0 11.2 CF

CSKA Moscow
I. Akinfeev			 |-2.0 -1.0 -6.0 -6.5 -1.0 10.1 14.4 14.4 16.3 -1.0 GK
I. Pomazun			 |-2.0 -1.0 12.2 -4.5 -1.0  7.7  8.8 14.4 12.3 -1.0 GK
A. Berezutskiy	 |15.5  8.2 14.2 13.0  9.7 -4.0 17.2 15.5 -1.0  9.8 CB
V. Berezutskiy	 |16.2  6.7 15.8 -6.0  9.4 10.4 17.0 15.6 -1.0  9.0 CB
S. Ignashevich	 |15.5 -5.5 14.0 14.1  9.5  6.7 16.0 15.5 -1.0 14.2 CB
V. Vasin				 |15.0  5.1 12.4 11.9  7.6 13.5 16.8 17.2 -1.0 10.2 CB
Mario Fernandes	 |16.2 13.4 15.6 15.0 15.3 16.4 15.0 15.3 -1.0 -4.0 RB RM
G. Schennikov		 |14.8 10.6 14.2 14.1 13.8 16.3 12.6 13.5 -1.0 12.0 LB LM
K. Nababkin			 |14.5 10.8 14.0 13.5 12.2 15.7 14.4 13.4 -1.0  6.1 LB RB
B. Natcho				 |14.0 14.2 16.0 15.7 15.4 12.3 14.0 11.5 -1.0 15.0 DM CM
P. Wernbloom		 |15.9 14.8 15.0 13.0 14.2 11.6 17.2 16.1 -1.0  5.2 DM CF
A. Golovin			 |13.7 14.4 15.4 13.5 16.4 16.3 10.8  9.5 -1.0 14.3 CM DM LM  
A. Dzagoev			 |14.1 15.1 15.8 15.3 16.0 15.4 13.2 13.6 -1.0 14.9 CM DM AM
G. Milanov			 |11.3 13.7 14.8 13.6 14.1 15.3 12.2 13.4 -1.0 13.6 AM RM LM
K. Kuchaev       | 8.3 11.7 12.6 11.5 14.1 13.7 10.4 11.0 -1.0 10.2 CM AM
A. Gordyushenko  |10.7 12.4 13.0 -4.5 11.2 11.8 11.4 12.3 -1.0 12.6 DM CM AM	
Vitinho					 | 7.0 15.6 14.6 14.6 16.4 15.8 13.0 11.6 -1.0 12.2 CF AM
F. Chalov				 | 5.5 12.8 10.8  7.5 13.8 14.7 13.4 12.9 -1.0  8.3 CF
T. Zhamaletdinov | 6.0 13.7 11.2  8.7 13.0 15.3 13.2 12.9 -1.0  7.7 CF 
A. Musa          | 4.8 14.9 12.6 -5.5 14.8 18.7  9.6 12.7 -1.0 -4.5 CF LM

Zenit
A. Lunev         |-3.0 -1.0 -6.0 -5.5 -1.0 11.2 14.0 14.8 15.8 -1.0 GK
Y. Lodygin       |-2.0 -1.0 -5.5 -5.5 -1.0  8.9 14.2 13.7 15.0 -1.0 GK
M. Kerzhakov     |-3.0 -1.0 10.0 10.6 -1.0  7.1 14.6 14.4 14.4 -1.0 GK
B. Ivanović      |16.3 12.6 14.2 14.8 12.4 12.4 17.0 16.8 -1.0 -5.0 CB RB
M. Mevlja        |15.5  7.4 13.2 -6.0 11.3 14.0 16.2 14.8 -1.0  3.3 CB
E. Mammana       |15.6 -4.0 16.0 -6.5 -6.5 15.9 14.4 13.8 -1.0  6.4 CB
D. Terentyev     |13.3 -4.5 12.6 12.6 12.2 14.7 11.8 11.2 -1.0  8.8 RB
I. Smolnikov     |15.2 -6.0 16.0 14.9 14.4 17.4 13.6 14.2 -1.0  7.1 RB
D. Criscito      |16.0 -6.0 16.0 16.1 14.5 15.5 14.6 14.4 -1.0 12.7 LB CB
Y. Zhirkov       |14.8 14.4 15.4 15.0 15.5 14.9 13.4 11.7 -1.0 15.2 LB LM
E. Nabiullin     |14.1 -4.0 12.4 -6.0 13.9 18.3 11.0 11.4 -1.0  8.1 LB
M. Ozdoev        |13.9 13.3 14.8 13.3 14.6 14.8 15.4 12.6 -1.0 -5.5 DM CM
D. Kuzyaev       |15.1 14.2 16.4 14.2 15.7 15.9 11.8 11.3 -1.0 12.1 DM CM LM RM
M. Kranevitter   |14.8 -4.5 16.2 -6.0 14.5 14.3 15.0 12.2 -1.0  8.8 DM CM
A. Erokhin       |-6.0 14.7 15.4 14.0 14.6 13.3 16.4 16.5 -1.0 -5.5 CM AM
L. Paredes       |14.2 -6.5 16.8 15.6 16.0 14.4 13.8 12.4 -1.0 15.8 CM DM
E. Rigoni        |-4.0 14.9 14.6 14.7 15.9 18.0 11.6 12.8 -1.0 15.8 RM LM
D. Poloz         |-2.0 14.6 15.2 14.3 15.4 16.3 13.6 13.9 -1.0 13.0 LM RM CF
A. Kokorin			 | 8.2 15.8 15.0 13.4 16.1 16.9 13.2 14.7 -1.0 14.4 CF
S. Driussi			 | 3.8 15.1 16.2 13.6 14.8 16.3 14.4 14.1 -1.0  8.1 CF
A. Zabolotnyy    |-3.0 14.1 11.8 10.4 11.7 -6.0 17.4 15.9 -1.0  5.4 CF
A. Panyukov      | 4.1 13.1 11.4 -4.0 11.9 12.9 13.0 13.4 -1.0  7.7 CF

Lokomotiv Moscow
Guilherme        |-3.0 -1.0 14.8 13.6 -1.0  7.7 12.4 16.6 15.4 -1.0 GK 
A. Kochenkov     |-2.0 -1.0 13.7 13.1 -1.0  9.4 14.6 17.1 13.3 -1.0 GK
M. Lobantsev     |-2.0 -1.0 -5.0 -5.0 -1.0  9.6 14.2 15.2 13.2 -1.0 GK
S. Kverkvelia    |15.4 -3.0 11.0 -4.5  7.2 14.1 16.6 15.5 -1.0  5.0 CB LB
T. Mykhalyk      |14.8 -3.5 15.4 -6.0 11.7 -5.5 16.0 14.3 -1.0  9.9 CB DM
V. Ćorluka       |16.2 -5.0 14.0 14.0 13.8 -5.0 16.8 17.1 -1.0 12.1 CB
N. Pejčinović    |15.2 -4.0 13.4 12.8  9.7 -5.0 15.6 16.3 -1.0  7.6 CB
I. Lapshov       |13.2  8.7 12.8 11.9  8.9 13.4 13.6 12.6 -1.0  5.3 CB
V. Ignatyev      |13.2 13.1 14.8 14.4 14.7 16.0 13.0 14.4 -1.0 13.4 RB RM LM
M. Lysov         |12.9 -4.0 13.0 13.6 13.1 14.9 12.6 12.1 -1.0  8.0 LB LM
M. Rybus         |13.2 13.9 14.6 13.8 14.3 15.4 12.0 11.3 -1.0 14.9 LB LM
V. Denisov       |16.1 -4.5 13.4 13.8 14.2 16.6 14.3 13.4 -1.0 12.0 LB
A. Kolomeytsev   |13.0 14.1 15.4 13.6 14.1 12.6 15.2 14.3 -1.0 11.2 DM CM AM
I. Denisov       |15.5 13.1 16.0 14.1 15.1 13.3 15.1 12.3 -1.0 10.1 DM
D. Tarasov       |14.5 -5.0 13.6 -5.0 11.1 -5.5 16.8 16.0 -1.0  8.1 DM
An. Miranchuk    | 5.4 12.6 13.8 12.5 14.4 14.0 13.6 10.0 -1.0 -4.5 CM AM
Al. Miracnhuk    | 5.7 14.8 15.8 13.6 15.7 14.6 13.6 11.5 -1.0 -5.5 AM LM
Manuel Fernandes |13.3 15.5 16.0 15.9 16.8 15.9 14.2 12.4 -1.0 15.4 AM CM
J. Farfán        |-2.5 15.4 15.4 15.3 15.7 16.8 15.6 12.5 -1.0 15.3 RM CF
A. Kasaev        | 6.0 13.1 15.2 14.5 14.9 16.3 14.3 11.4 -1.0 13.4 LM
Eder             |-3.5 15.1 14.0 12.0 14.2 15.0 16.6 15.1 -1.0 10.1 CF
Ari              | 5.8 15.4 15.0 13.7 15.5 15.4 16.4 14.7 -1.0 -6.0 CF RM LM

Krasnodar
A. Sinitsyn      |-2.0 -1.0 13.7 -5.0 -1.0  8.3 14.8 17.4 14.5 -1.0 GK
S. Kritsyuk      |-2.5 -1.0 -6.5 -5.5 -1.0  9.6 13.4 16.3 15.4 -1.0 GK
A. Gritsaenko    |12.5 -3.0  9.8  7.5 -3.0 10.1 13.0 12.7 -1.0  5.8 CB
A. Granqvist     |16.3 11.2 14.6 -5.5 -5.0  9.5 16.6 16.1 -1.0 -4.0 CB
A. Martynovich   |15.4  9.9 12.2 11.3 11.7 14.6 16.2 14.7 -1.0  9.3 CB
S. Strandberg    |13.8 -4.0 12.4 -4.5 -5.5 13.4 16.2 13.7 -1.0  8.1 CB
R. Yanbaev       |14.6 11.6 14.0 14.7 13.2 17.9 12.0 12.3 -1.0 -4.5 RB LB RM
R. Shishkin      |15.0 12.5 14.8 14.8 14.1 15.0 11.8 12.2 -1.0 13.7 RB CB DM
S. Petrov        |15.3 13.3 15.0 -5.5 14.1 15.2 12.0 12.5 -1.0 11.3 LB RB
C. Ramírez       |13.3 -3.5 14.0 -6.0 14.3 16.2 12.0 11.6 -1.0  8.5 LB
Y. Gazinskiy     |14.8 -5.0 15.6 -6.0 14.2 13.1 13.2 13.2 -1.0  9.3 DM CM
C. Kaboré        |15.0 -6.0 15.2 14.2 14.0 14.2 14.8 14.4 -1.0 11.3 DM CM
V. Claesson      | 8.2 14.4 14.8 13.4 14.3 13.8 12.8  9.5 -1.0 13.8 CM AM LM
M. Pereira       |12.8 14.4 15.8 14.8 15.2 14.6 11.6 10.0 -1.0 14.3 CM AM RM
P. Mamaev        |13.6 14.6 16.0 -5.5 16.1 15.7 11.8 12.7 -1.0 13.9 CM LM RM
T. Okriashvili   | 6.0 12.9 13.4 13.0 15.3 15.3 10.8  9.3 -1.0 12.6 AM LM
Wanderson        | 3.8 13.0 13.6 13.4 16.0 16.6  9.2  9.9 -1.0 12.9 RM
R. Laborde       |-2.0 14.3 13.0 13.6 15.2 16.7 11.4 11.5 -1.0 -5.5 RM AM CF
Joãozinho        |10.8 14.9 15.4 14.7 15.3 17.9  6.2 12.4 -1.0 15.2 LM RM CF
O. Shatov        |-4.5 14.6 16.0 14.6 16.0 17.1 13.2 11.2 -1.0 14.5 LM RM
F. Smolov        | 5.5 16.4 15.4 11.8 15.5 17.4 15.0 14.4 -1.0 15.2 CF
A. Ivan          | 8.2 13.5 12.2 10.9 13.4 15.1 13.4 13.6 -1.0 12.4 CF
I. Ignatiev      | 3.7 12.5  9.4  6.8 13.5 14.9 11.0 12.4 -1.0 -4.5 CF

Ufa
A. Belenov       |-1.5 -1.0 -5.0 -5.5 -1.0 10.1 12.4 17.5 15.1 -1.0 GK
G. Shelia        |-1.0 -1.0 -6.0 -5.5 -1.0  7.6 15.0 13.5 13.0 -1.0 GK
D. Tumasyan      |13.5  9.8 12.2 10.3 -5.0 11.2 14.0 14.9 -1.0  7.6 CB
A. Nikitin       |13.5  4.1 11.2 11.1 -3.0 11.7 16.6 14.6 -1.0 -2.0 CB RB
P. Alikin        |13.9  7.3  8.2  6.1  9.5 10.2 15.2 14.1 -1.0 -1.5 CB DM
D. Zhivoglyadov  |14.0 -5.0 12.6 11.6 12.8 14.4 13.2 11.9 -1.0 -5.5 CB RB LB
J. Tabidze       |13.4 -2.5  9.0 -3.0  7.0 12.1 15.0 13.7 -1.0 -2.0 CB
I. Nedelcearu    |13.5  6.7 10.2  8.1 10.5 11.9 15.4 14.5 -1.0  6.1 CB
A. Sukhov        |14.1 -3.5 13.2 -6.5 12.9 15.3 12.2 12.1 -1.0 -3.0 RB LB RM
N. Safronidi     |12.5 -6.0 12.0 -6.0 12.6 14.5 11.4 12.1 -1.0 13.7 LB LM
B. Jokič         |14.8 -5.5 14.8 14.1 -6.0 14.9 15.2 13.4 -1.0 12.1 LB
D. Stotskiy      |12.7 12.9 14.4 14.4 14.1 16.1  7.0 13.3 -1.0 12.1 LB RB RM CM
V. Salatić       |13.5 -5.0 12.6 12.4 12.4 -5.5 16.2 13.1 -1.0 11.2 DM
V. Zubarev       |12.0 -5.0 13.6 -5.5 12.0 10.1 12.2 11.5 -1.0  9.2 DM CM
C. Carp          |12.7 -3.0 13.4 -4.5 -4.0 12.6 14.4 13.1 -1.0 -3.5 DM CM CB
I. Paurević      |13.6 -5.0 15.0 -5.5 12.2  9.9 16.6 14.6 -1.0 -2.5 DM CM CB
O. Vaněk         |12.1 -6.0 14.0 14.1 14.4 15.0 12.6 13.7 -1.0 13.0 CM DM AM
A. Zaseev        |13.9 -5.0 14.0 -5.0 13.5 12.2 14.6 11.8 -1.0 10.5 CM DM
I. Oblyakov      |10.4 12.6 14.0 12.8 14.0 13.8 12.6 10.8 -1.0 12.6 CM AM
I. Bezdenezhnykh |-6.5 11.2 14.6 -6.0 13.4 -6.5 10.0 11.6 -1.0 11.0 CM AM
S. Igboun        |-3.0 14.6 13.6 12.4 14.6 18.4 15.4 14.1 -1.0 13.3 CF LM RM
V. Krotov        | 8.6 12.8 13.4 12.5 14.2 15.6 13.0 12.2 -1.0 -5.0 CF RM
K. Fatai         | 3.8 14.3 11.0 -5.0 15.0 17.3 15.2 14.9 -1.0 12.9 CF RM
D. Sysuev        | 3.1 12.3 13.0 11.6 12.7 14.5 11.6 13.4 -1.0 -2.5 CF LM

Dynamo Moscow
A. Shunin        |-2.0 -1.0 -6.0 -6.0 -1.0  8.2 12.8 15.4 14.4 -1.0 GK
I. Leschuk       |-2.0 -1.0 -4.0 -4.0 -1.0  5.2 13.2 11.1 12.0 -1.0 GK
S. Holmén        |15.0 -3.5 14.0 -5.0 -4.0 14.0 14.4 14.0 -1.0 -2.5 CB
T. Šunjić        |14.8 -3.5 14.4 -5.0  6.3 -5.0 18.4 15.8 -1.0  6.0 CB
V. Rykov         |13.5 -5.0  9.4 -3.0 -3.0  8.7 16.8 14.5 -1.0 -5.0 CB
N. Kalugin       |12.5 -2.5 11.6 10.5  7.9 13.3  9.8 13.6 -1.0 -1.5 CB 
A. Kozlov        |14.0 -5.0 14.6 13.5 -5.5 -6.5 14.8 13.8 -1.0 -4.5 RB
G. Morozov       |14.4 11.1 13.6 -6.0 13.7 14.9 13.0 13.1 -1.0 -5.5 RB LB
I. Temnikov      |13.0 12.9 13.6 13.3 12.7 14.8 10.6 10.2	 1.0 10.2 RB RM
I. Tsallagov     |14.3  9.9 14.6 13.3 14.0 16.3 13.0 11.7 -1.0  8.8 RB DM
K. Rausch        |13.8 13.5 14.4 14.3 14.4 15.8 14.4 12.5 -1.0 14.2 LB LM
A. Tetteh        |14.0 -4.5 13.6 -4.5 12.8 12.8 17.6 11.7 -1.0 -4.0 DM
A. Sosnin        |14.0 -4.5 15.2 13.0 12.3 14.0 12.0 11.5 -1.0 11.0 DM
A. Zotov         |13.3 12.6 15.0 -5.5 -5.0 15.3 12.2 10.4 -1.0 10.0 DM CM
S. Sow           |13.9 -4.5 16.2 -5.5 14.4 12.9 15.0 14.2 -1.0 -3.5 DM CM
A. Katrich       |-4.0 -5.0 13.2 11.5 12.8 16.2 11.8 11.2 -1.0  8.6 RM
A. Tashaev       |-2.5 -5.5 14.4 14.2 15.0 15.2 11.8 10.8 -1.0 -5.5 LM
E. Lutsenko      |-4.5 12.9 13.8 -5.5 14.5 14.9 14.4 13.5 -1.0 -5.5 CF
K. Panchenko     | 4.4 15.3 14.2 13.2 14.6 15.1 14.8 14.2 -1.0 15.5 CF AM
F. Černych       | 3.0 -6.0 13.4 11.2 13.9 16.2 13.2 12.6 -1.0 -4.5 CF RM LM
E. Markov        | 3.4 13.8 10.6 -3.5 10.8 -6.5 16.4 15.5 -1.0 -4.5 CF

Akhmat
E. Gorodov       |-1.5 -1.0 14.0 14.2 -1.0  9.2 13.6 13.8 13.9 -1.0 GK
V. Gudiev        | 2.0 -1.0 12.2 -4.5 -1.0  8.7  8.2 15.0 12.3 -1.0 GK
A. Semenov       |15.1 -3.5 15.2 -5.5 -5.5 10.7 16.2 14.0 -1.0  6.9 CB
W. Ángel         |14.0  6.3 11.6 -3.5 -4.0 11.4 17.8 14.7 -1.0  6.2 CB
P. Sampaio       |14.2 -3.5 12.4 -4.0  8.6  8.3 18.0 14.7 -1.0  6.5 CB
Rodolfo          |14.0 -6.0  9.2 12.7 -5.0 12.2 16.2 15.9 -1.0 -4.5 CB DM
R. Utsiev        |14.5  9.2 13.2 13.5 12.8 14.9 11.0 12.2 -1.0  8.1 RB
Z. Pliev         |13.0 -1.5 11.8  9.1 -4.5 12.9 14.4 13.2 -1.0 -3.0 LB CB LM
M. Mohammadi     |13.7 11.2 12.6 -6.0 14.6 17.7 13.4 11.3 -1.0 11.2 LB
R. Gigolaev      |-5.5 12.1 13.4 -5.5 13.3 14.3 12.2 11.7 -1.0 10.7 LB LM
A. Shvets        |-6.0 -5.5 13.6 -5.0 14.1 13.7 14.4 14.7 -1.0 10.0 DM CM
Ismael           |-5.0 -5.5 14.4 -6.5 15.2 14.0 11.0  9.0 -1.0 12.0 CM
O. Ivanov        |12.1 13.8 14.6 14.3 15.3 13.6 16.4 13.9 -1.0 13.2 CM AM
A. Katsaev       |11.7 -5.0 14.0 13.1 14.3 15.1 12.8 11.8 -1.0 10.6 CM DM RM LM
Ravanelli        |-3.0 12.7 14.4 14.0 13.9 13.7 13.2 11.4 -1.0 13.9 AM LM
O. Roshi         |-3.5 11.8 12.4 -5.0 13.5 18.0 14.4 13.1 -1.0 11.7 RM LM
B. Berisha       |-3.0 12.2 13.2 -6.0 14.8 17.9 12.4  6.9 -1.0 -4.5 LM
M. Mitrishev     | 3.3 14.2 12.4 -4.0 13.5 15.6  8.2 12.3 -1.0  8.1 CF RM LM
Z. Sadaev        |-3.0 14.1 13.2 -4.5 14.7 14.8 14.6 12.5 -1.0  9.5 CF
B. Balaj         | 3.0 -6.0 10.6  9.1 13.2 13.5 15.4 15.5 -1.0  8.2 CF
A. Mbengue       | 3.6 13.8 11.0  7.1 12.6 14.5 12.4 13.9 -1.0  8.0 CF
Léo Jabá         | 3.5 13.6 11.6 -4.5 14.4 16.2 13.2 12.0 -1.0 -4.5 CF LM 

Amkar
A. Nigmatullin   |-2.0 -1.0 -6.0 12.8 -1.0 -4.0 14.8 16.1 12.5 -1.0 GK
D. Khomich       |-2.0 -1.0 -5.5 -5.5 -1.0  7.3 14.8 15.6 12.6 -1.0 GK
S. Konde         |-6.0 -3.0 12.2 11.7  9.1 12.6 17.0 14.3 -1.0  5.7 CB
M. Sivakow       |13.0 -5.5 13.6 12.1 12.7  6.4 15.2 14.2 -1.0 -5.5 CB DM
D. Belorukov     |14.2 -3.0 13.0 -4.0 -4.5  6.0 18.2 13.5 -1.0  7.7 CB
P. Zanev         |13.4 -4.5 12.2 -6.0 12.8 -5.0 13.2 13.7 -1.0 -4.5 CB LB LM
N. Zaytsev       |13.6 -3.5 11.0 -3.5 -3.5 13.6 17.6 15.1 -1.0 -3.5 CB DM
A. Miljković     |14.0 -4.5 11.6 12.0 12.4 13.7 14.6 13.6 -1.0  8.7 RB
B. Idowu         |13.4  8.7 10.8 -5.0 12.3 17.9 13.6 11.3 -1.0  8.1 LB CB LM
F. Brown Forbes  |12.2 11.9 11.2 -5.0 12.6 13.9 14.8 13.0 -1.0 -4.5 LB RB LM RM
J. Gol           |13.4 -5.5 14.4 12.9 13.8 -5.5 14.6 13.8 -1.0 11.2 CM DM
F. Ogude         |13.5 -6.0 14.4 -6.0 13.2 13.8 16.2 13.8 -1.0 11.2 CM DM
A. Shavaev       |11.0 13.1 14.2 -5.5 13.6 12.7  9.4 11.8 -1.0  9.5 CM DM LM
S. Ezatolahi     |12.0 11.6 14.6 -5.0 12.4 12.7 13.4 12.8 -1.0 -4.5 CM
P. Komolov       |11.6 -4.5 13.6 12.9 11.9 11.9 10.2 10.5 -1.0 11.3 CM RM LM
A. Ryazantsev    |12.0 13.4 14.6 13.7 13.8 13.7 12.2 13.3 -1.0 -5.0 CM AM RM
M. Kostyukov     |-3.5 11.5 14.6 13.0 11.8 12.7 14.6 12.5 -1.0 10.3 RM LM
S. Balanovich    | 8.9 12.4 12.8 12.8 14.0 13.7  8.6 10.7 -1.0 -3.0 LM RM
D. Bodul         | 4.9 13.4 14.0 12.7 14.2 13.3 14.8 14.0 -1.0 -5.5 CF
A. Salugin       | 5.5 -6.0 11.4  6.7 11.3 13.2 15.8 13.9 -1.0 -4.5 CF LM
S. Prokofyev     | 5.2 12.2 10.8  5.9 12.4 -5.0 15.4 14.3 -1.0 -3.0 CF
A. Olanare       | 4.2 12.9 13.2  9.9 12.8 11.5 16.8 14.5 -1.0  7.7 CF
A. Gasilin       | 4.1 12.9 11.2  9.7 11.5 13.8 14.0 13.0 -1.0 -5.0 CF LM

SKA Khabarovsk
A. Dovbnya       |-1.5 -1.0 -5.0 11.6 -1.0  9.7 11.6 13.3 14.0 -1.0 GK
A. Krivoruchko   |-1.5 -1.0 -7.5 -7.0 -1.0 10.2 13.0 14.8 13.0 -1.0 GK
I. Ediev         |13.2 -3.3 11.2 11.4 11.8 13.3 14.4 13.1 -1.0 10.7 CB RB LB
A. Putsko        |13.1 -3.5 10.4 -4.5  7.2 10.4 16.4 15.2 -1.0  8.8 CB
A. Dimidko       |12.4 -4.0 14.6 13.0 11.7 -4.0 13.2 16.2 -1.0  8.3 CB DM CM
D. Grishko       |13.5 -3.5 10.8 -3.0  7.2 11.8 15.4 13.8 -1.0 -3.5 CB
A. Cherevko      |13.3 11.4 12.2 12.1 12.9 14.8  8.4  9.2 -1.0 10.5 RB RM
D. Bogaev        |11.8 12.4 13.2 11.0 12.8 14.9  9.0 10.0 -1.0  9.7 RB RM
G. Navalovski    |12.6 -2.0 10.8 -5.5  9.6 15.5 12.6 10.8 -1.0 -2.5 LB LM
G. Makhatadze    |11.8 -4.5 12.8 -5.5 10.4 12.1 12.0 11.5 -1.0 -4.0 DM
A. Samsonov      |11.4 -5.0 12.4 -5.5 10.9 -5.5 11.2 12.3 -1.0 -5.0 DM LM
E. Balyaykin     |12.9 12.5 13.6 12.7 12.1 -5.5 13.2 13.2 -1.0 12.0 DM RM CM
P. Karasev       |13.3 12.2 14.2 13.2 12.3 12.8 12.8 11.7 -1.0 10.8 DM CM
N. Kalinsky      |12.8 -5.0 13.4 12.2 11.9 -5.0 12.2 12.4 -1.0  9.3 DM CM
R. Koryan        | 6.8 -5.5 13.2 12.3 14.4 14.8 11.8 10.3 -1.0 -6.0 AM CF
K. Savichev      | 9.0 11.8 13.4 12.7 13.4 16.0  9.6  9.2 -1.0 -4.5 RM LM
V. Fedotov       | 6.1 11.6 12.4 12.3 12.9 14.5  5.8  9.4 -1.0 10.0 RM
M. Kazankov      |-3.5 12.6 12.6 11.7 13.7 15.3  9.1 -4.0 -1.0 -4.5 RM
V. Nikiforov     |10.7 10.9 11.6 11.8 12.8 16.6  6.6 10.7 -1.0 10.3 LM LB RB
M. Marković      | 9.8 -6.0 11.0 11.2 12.8 14.0 16.6 14.9 -1.0 -5.0 CF
A. Barbaro       |-3.0 12.5 12.8 13.2 14.2 14.6 10.4 10.6 -1.0 13.0 CF AM LM
L. Sekulsi       | 3.9 11.9 10.0  5.5 13.2 16.1 14.4 14.3 -1.0 -3.5 CF

Ural
Y. Godzur        |-1.0 -1.0 -5.0 -4.5 -1.0  8.3 15.2 15.7 13.7 -1.0 GK
E. Zharikov      |-1.5 -1.0 12.1 -4.0 -1.0  8.9 13.4 12.8 11.2 -1.0 GK
N. Chernov       |13.1 -3.0 11.0  6.7  7.4 13.1 14.0 14.5 -1.0  6.1 CB
G. Balažic       |-5.5 -3.0 11.0 -3.5 -4.5 11.1 14.0 15.1 -1.0 -2.5 CB
D. Dinga         |13.1 -3.0  9.6  7.1  6.6 -5.0 14.0 13.8 -1.0  5.7 CB
V. Haroyan       |11.6 -2.5 10.8 -4.0 -3.0 -5.0 13.6 11.8 -1.0  5.0 CB
D. Kulakov       |13.1 -5.5 15.2 14.7 14.1 15.6 13.8 14.2 -1.0 -5.0 RB
V. Khozin        |-6.0 -4.0 12.4 -6.0 11.1 13.1 14.4 12.2 -1.0 -5.5 RB LB
A. Dantsev       |13.8 11.7 13.8 13.5 12.9 13.5 13.8  8.8 -1.0 -4.0 LB
M. Merkulov      |12.6 -3.5 12.0 -4.5 12.9 14.1 11.4 11.8 -1.0  7.3 LB RB
Y. Bavin         |12.8 11.6 13.4 -5.0 12.7 12.2 12.8 11.0 -1.0  9.7 DM
R. Emelyanov     |13.3 11.7 13.6 13.3 12.6 -5.5 15.8 13.5 -1.0 11.5 DM CM
A. Fidler        |13.1 -6.0 13.4 -5.5 12.2  7.2 12.6 11.7 -1.0 -5.0 DM
P. Boumal        |10.9 -4.5 15.8 -5.5 12.8 12.9 10.8 11.4 -1.0  7.8 DM
E. Bicfalvi      |11.0 15.0 14.8 -6.0 15.2 12.7 16.4 14.3 -1.0 14.7 CM AM CF
N. Dimitrov      | 7.8 13.2 14.6 14.1 14.4 14.9 12.6 11.2 -1.0 12.4 RM LM
G. Chanturia     | 4.3 -6.0 13.0 11.5 16.1 15.5 14.4  9.5 -1.0 13.5 RM
E. Manucharyan   | 4.8 13.2 13.4 13.3 13.2 15.3 12.4 10.3 -1.0 -5.0 RM CF
N. Glushkov      | 6.5 10.4 11.0 11.7 14.0 15.7 10.2  9.9 -1.0  9.4 LM
O. El Kabir      |-3.0 -5.5 12.2 12.2 14.4 -7.5  9.6  7.7 -1.0 -5.0 LM
A. Evseev        |-3.5 12.9 13.6 -5.5 13.6 13.2 14.0 11.5 -1.0 12.1 CF LM AM
V. Ilyin         | 5.8 -5.5 10.2  8.2 12.5 13.1 14.4 14.5 -1.0 -3.5 CF
I. Portnyagin    |-2.5 13.6 11.4 -3.5 13.1 15.1 14.2 16.2 -1.0 -5.0 CF

Arsenal Tula
A. Berezin       |-2.0 -1.0 10.6 10.4 -1.5  9.2 14.0 14.5 11.2 -1.0 GK
M. Levashov      |-1.0 -1.0 -4.0 -4.0 -1.0  4.3 12.8 13.0 12.7 -1.0 GK
S. Sunzu         |14.1 -3.5 13.2 -4.5 -4.0 13.9 13.8 15.2 -1.0 10.6 CB
M. Belyaev       |14.3 -2.5  9.2 -3.5  6.6 13.4 14.6 14.6 -1.0  5.7 CB
I. Novoseltsev   |13.6 -2.5 14.0 -5.5 11.2 13.0 15.0 15.1 -1.0  5.3 CB
G. Grigalava     |13.7 -3.0 11.4 -5.0 -5.0 12.6 17.8 13.8 -1.0 -4.5 CB LB
K. Kombarov      |13.7 12.6 13.4 13.5 14.7 14.3 12.8 12.1 -1.0 13.3 RB RM
A. Khagush       |13.2 -3.0 12.4 12.7 12.5 13.7 12.6 13.3 -1.0 -4.0 RB RM
V. Álvarez       |13.6 -5.0 15.0 14.6 14.9 15.1 13.2 13.6 -1.0 12.1 LB LM
H. Maïga         |13.0 -4.5 13.8 11.7 13.0 14.5 14.6 12.3 -1.0 -4.5 DM LB
A. Bourceanu     |13.1 12.9 15.0 14.2 12.0 12.3 14.8 12.9 -1.0 14.1 DM CM
K. Berkhamov     |11.0 12.7 13.8 12.6 12.9 13.6 11.6 12.6 -1.0 14.3 DM CM AM LM
G. Čaušić        |12.1 -6.0 15.0 15.3 14.2 10.7 14.6 11.7 -1.0 14.4 CM DM
I. Gorbatenko    |-4.0 13.1 13.6 13.2 13.1 13.9  7.6 11.6 -1.0 13.1 CM LM
I. Maksimov      |10.5 14.3 14.0 13.3 15.2 -5.5 13.8 12.0 -1.0 -5.5 CM AM
E. Kangwa        |-3.0 13.6 11.8 -5.0 14.3 18.2 13.0 12.3 -1.0 -4.5 RM LM
S. Tkachev       | 5.9 -6.5 13.2 13.6 14.4 14.5 14.2 11.7 -1.0 14.7 RM LM CM AM
M. Aleksandrov   |-4.5 12.6 13.0 13.0 14.0 15.6 11.6  9.4 -1.0 -5.5 LM RM LB
L. Đorđević      | 3.6 13.0 13.0 11.7 13.8 15.6 12.0 14.5 -1.0 12.8 CF
I. Shevchenko    |-3.0 13.2 10.2 -4.0 13.4 -6.5 13.6 13.6 -1.0 11.3 CF
F. Rašić         | 4.5 13.5 10.6  5.5 11.3  7.5 18.2 14.7 -1.0  5.4 CF
A. Dzyuba				 |-1.5 14.8 14.2 11.6 14.7 13.1 18.6 16.9 -1.0 12.6 CF AM

Rostov
S. Pesyakov      |-1.5 -1.0 15.9 -8.0 -1.0 -4.0 14.6 17.4 14.0 -1.0 GK
I. Abayev        |-2.0 -1.0 13.3 14.7 -1.0 -3.5 16.0 16.4 13.8 -1.0 GK
S. Ingason       |14.8 -4.5 11.2 -4.6 -4.5 12.2 15.4 14.3 -1.0  9.3 CB RB
M. Wilusz        |13.9  9.0 12.8 10.5  7.5 10.6 16.6 13.9 -1.0  8.8 CB
M. Boben         |12.8 -2.5  6.2  5.5  6.3 13.0 15.0 14.6 -1.0  5.7 CB
R. Sigurðsson    |14.2 -3.5 13.2 -4.5 -3.5 12.3 16.2 14.7 -1.0 -3.5 CB
S. Parshivlyuk   |13.9 11.7 13.2 -5.5 13.4 15.1 14.0 13.5 -1.0 -4.5 RB
E. Makeev        |13.3 -5.0 13.0 12.4 13.7 15.3 12.8 13.8 -1.0 10.5 LB RB CB
A. Gaţcan        |14.6 -5.5 15.4 13.9 13.5 13.2 14.8 14.9 -1.0 11.3 DM CM
A. Sapeta        |13.7 12.2 14.2 -6.0 13.7 -6.0 14.6 12.6 -1.0 -5.0 DM CM
V. Ciupercă      |10.6 10.6 14.4 12.6 13.2 14.5 11.2 11.1 -1.0 11.3 CM DM
A. Yusupov       |14.2 12.6 16.4 14.1 14.3 13.2 12.8 12.6 -1.0 -5.0 CM DM
A. Guliev        |12.2 11.3 14.8 13.6 13.3 14.9 10.2 10.4 -1.0 10.1 CM DM AM
Ž. Majer         |11.0 11.6 14.0 -6.0 14.1 13.2 12.6 11.1 -1.0 11.9 CM AM
K. Bayramyan     |13.0 11.5 14.2 13.8 14.2 14.8  6.0  9.3 -1.0 11.1 CM LM LB
T. Kalachev      |14.4 14.4 15.4 15.6 15.1 14.3 11.2 11.1 -1.0 15.2 RM RB CM
A. Ionov         | 5.0 13.4 15.0 13.9 14.5 15.9 10.2 11.3 -1.0 11.7 RM LM CF
A. Zuev          | 8.0 11.9 13.6 12.7 14.1 16.2  7.4 10.4 -1.0  9.5 LM
E. Shomurodov    | 6.4 12.6 10.6 10.3 13.1 16.1 14.6 12.5 -1.0 -5.5 CF LM RM
M. Doumbia       |-3.0 13.2 13.8 12.9 14.7 16.7 12.4  9.5 -1.0 12.4 CF RM LM
V. Dyadyun       |-2.5 12.7 12.6 12.0 12.9 13.3 14.4 14.8 -1.0 11.7 CF
B. Sigurðarson   |-3.0 13.9 13.6 -5.0 14.6 15.7 17.0 14.3 -1.0 -5.0 CF RM

Rubin
S. Dzhanaev      |-1.5 -1.0 -6.0 -5.5 -1.0  9.2 13.4 16.2 15.3 -1.0 GK
S. Ryzhikov      |-1.5 -1.0 -5.0 -5.0 -1.0  7.5 13.2 15.4 15.3 -1.0 GK
C. Navas         |16.0 -3.5 11.4 -5.5 -4.0 -4.0 18.2 15.9 -1.0  8.5 CB
V. Granat        |14.9 -4.5 12.8 13.0  9.8 -4.0 14.2 13.6 -1.0 13.7 CB LB
R. Kombolov      |14.5 -5.0 14.0 -6.5 12.4 13.3 15.0 14.4 -1.0 -5.5 CB DM CM
E. Sorokin       |12.8 -3.0  9.0 -3.5  6.9 11.5 14.2 13.9 -1.0  5.9 CB
V. Ustinov       |12.8 -3.5 11.0 12.1 11.8 15.4 12.0 12.4 -1.0 -2.5 RB LB
O. Kuzmin        |15.2 -6.0 14.4 13.8 13.9 14.6 12.0 13.1 -1.0 11.7 RB
G. Enache        |12.2 12.9 13.6 13.5 12.9 16.5 13.8 10.8 -1.0 13.0 RB RM
F. Kudryashov    |14.7  9.2 13.6 -6.0 13.0 14.4 14.6 13.1 -1.0 -4.5 LB CB
C. Noboa         |15.1 14.5 15.6 15.4 15.7 14.6 14.2 14.8 -1.0 15.7 CM DM
P. Mogilevets    |14.3 11.9 14.8 13.5 14.3 14.2  9.8 13.2 -1.0  9.6 CM DM
V. Podberezkin   |-5.5 13.1 14.6 12.3 13.8 -6.0 12.4 14.0 -1.0 11.1 CM AM LM RM
R. Zhemaletdinov | 5.6 13.1 13.0 11.2 13.9 15.9 13.0  9.4 -1.0 -5.0 LM RM CF
I. Akhmetov      | 7.3 11.9 12.6 11.6 14.2 15.1  8.0  8.1 -1.0 -4.5 AM CM
R. Shekari       |-4.0 10.7 13.6 -5.5 13.0 12.7 13.2 11.0 -1.0 10.6 AM
I. Popov				 | 9.1 14.9 15.2 14.3 15.3 15.8 13.6 13.5 -1.0 14.3 AM
G. Karadeniz     |-4.0 14.4 13.6 14.1 16.0 14.0 10.0 10.0 -1.0 -6.0 AM LM RM CF
M. Kanunnikov    | 7.6 14.3 13.0 12.4 14.8 16.9 15.4 15.5 -1.0 -5.5 CF RM
S. Azmoun        | 6.9 13.6 13.8 12.8 14.7 16.5 14.4 16.9 -1.0 -5.5 CF

Anzhi
G. Loria         |-2.5 -1.0 14.2 -7.5 -2.0 10.4 15.0 17.2 14.4 -1.0 GK
A. Budakov       |-1.5 -1.0 -4.5 -4.5 -1.0  8.1 13.6 14.8 13.2 -1.0 GK
M. Samardžič     |13.9  7.8  9.0 -2.0 10.9 13.8 15.4 14.5 -1.0 -3.0 CB
S. Bryzgalov     |14.0 -4.0 12.2 11.0 -5.0 14.5 14.0 13.3 -1.0 -3.5 CB LB DM
I. Armaş         |14.7 -3.0 13.0 -4.0 -3.0 10.3 17.4 14.6 -1.0  7.6 CB LB
J. Chancellor    |12.5 -3.0  8.2 -2.5  7.4 10.7 17.2 13.0 -1.0  4.7 CB
O. Danchenko     |13.4 -4.5 13.6 13.6 13.8 16.1 11.2 11.4 -1.0 -3.5 RB RM DM CM
M. Musalov       |13.5 -4.0 11.6 12.0 13.4 15.4 11.4 12.8 -1.0 -3.0 LB RB LM RM
V. Poluyakhtov   |14.4  9.9 12.6 10.9 11.3 14.4 14.8 12.9 -1.0  7.8 LB RB
P. Anton         |13.2 -5.5 13.8 -6.5 -5.0 11.8 13.4 13.0 -1.0 13.1 DM CM RM
G. Tetrashvili   |13.4 10.0 13.6 -5.5 11.4 11.8 14.0 12.5 -1.0  7.9 DM CM LB
M. Bakaev        |12.0  9.1 13.0 12.5 -5.0 12.0 13.4 11.5 -1.0  9.9 DM CM
I. Chaykovskiy   |-6.0 -4.5 14.4 -5.5 12.7 12.8 11.0 12.6 -1.0  9.7 DM
K. Poku          | 9.0 -6.0 13.8 -5.0 13.8 15.1 16.8 12.2 -1.0 10.2 AM CM
A. Khubulov      | 4.2 12.2 13.0 13.7 15.3 -8.0 11.6 12.1 -1.0 12.5 RM LM 
I. Markelov      | 5.6 13.6 12.6 -5.5 13.6 16.4 12.4 12.8 -1.0 -6.0 LM CF
P. Yakovlev      |-3.5 14.1 12.8 13.5 14.4 14.8 12.6 13.1 -1.0 -6.0 LM RM AM
B. Khadartsev    | 6.9 12.6 13.8 -5.5 12.9 15.0 12.0  9.9 -1.0 10.9 LM RM CM
A. Prudnikov     | 4.8 13.5 12.2 -4.5 12.8 13.7 15.0 14.2 -1.0 -5.5 CF
J. Lescano       | 4.4 12.4 11.4 -4.0 12.8 14.5 14.0 14.3 -1.0 12.7 CF
P. Dolgov        | 5.2 -5.5 12.2  9.6 11.7 13.2 14.6 13.1 -1.0 -4.5 CF
P. Budkivskyi    | 4.4 13.8 11.8 -3.5 13.5 13.9 14.6 15.6 -1.0 -4.5 CF

Tosno
D. Yurchenko     |-2.0 -1.0 14.7 14.3 -1.0  9.9 14.6 14.8 14.4 -1.0 GK
M. Oparin        |-1.0 -1.0 11.1 -4.5 -1.0  4.7 14.4 13.7 12.6 -1.0 GK
A. Buyvolov      |13.6 -3.0 10.8  6.9 -3.0 -5.5 15.6 14.1 -1.0 -3.0 CB
R. Dugalić       |13.9 -5.0 12.0 -4.5  7.1  9.9 18.2 16.0 -1.0 -5.5 CB
V. Shakhov       |14.0 -3.0 11.8 -4.0  8.1 10.9 14.4 14.8 -1.0  5.7 CB
S. Sukharev      |13.2 -4.5 13.4 12.0 12.2 12.7 14.8 11.9 -1.0  8.8 CB LB
A. Dudiev        |12.4 -4.0 13.6 13.0 13.9 -8.0 13.8 11.3 -1.0  9.7 RB RM
D. Kutin         |12.8 -3.0 12.4 11.1 11.6 -6.5 11.6 12.2 -1.0  4.9 RB
T. Margasov      |13.8 -3.0 13.4 12.5 13.0 14.6 11.8 12.4 -1.0  6.9 RB LB
E. Chernov       |13.2 -5.0 14.4 14.2 13.0 13.8  8.8 10.4 -1.0 -5.0 LB LM
M. Poletanović   |12.1 13.3 14.0 -5.5 13.2 10.6 13.0 13.5 -1.0 13.4 DM CM
A. Karnitskiy    |13.9 -5.0 14.2 -5.5 11.1 -5.0 14.0 13.6 -1.0  9.1 DM CM
R. Mukhametshin  |12.1 12.4 14.0 13.1 -6.0 -5.0 13.6 12.6 -1.0 12.7 CM AM RM
I. Zhigulev      |-4.5 12.4 13.6 12.3 12.1 13.8  9.4 11.7 -1.0 -4.5 AM CM RM
N. Rocha         |11.9 -5.5 14.4 -4.5 13.8 13.6 11.2 13.7 -1.0 -4.0 AM CF
V. Bystrov       |-4.5 13.7 13.4 13.4 14.3 17.3 12.6 11.8 -1.0 -5.5 RM
Ricardinho       |-5.0 12.6 13.2 11.9 13.8 14.2 12.2  9.9 -1.0 -5.0 RM CM AM LM
A. Skvortsov     | 5.8 12.0 11.8 12.3 13.0 15.2 12.0 10.1 -1.0 -4.5 LM RM AM 
V. Galiulin      | 8.4 13.2 13.6 -5.5 12.6 14.9  9.6 11.9 -1.0 13.6 LM RM
R. Mirzov        |-4.5 12.3 13.6 12.0 14.3 15.3 13.2 11.1 -1.0 -4.5 LM
G. Melkadze      |-2.5 12.5 12.8 11.0 13.0 14.8 15.0 13.8 -1.0 -4.5 LM AM CF
N. Trujic        | 3.2 13.3  9.2 -4.5 12.6 15.2 14.8 12.6 -1.0 -5.5 CF
